"代码","简称","时间","开盘价(元)","收盘价(元)","最高价(元)","最低价(元)","涨跌(元)","涨跌幅(%)","前收盘价(元)"
"600390.SH","五矿资本","2010-01-04","13.6600","13.6600","13.7800","13.5000","0.1000","0.7375","13.5600"
"600390.SH","五矿资本","2010-01-05","13.7000","13.8700","13.8900","13.4000","0.2100","1.5373","13.6600"
"600390.SH","五矿资本","2010-01-07","13.9900","14.4400","15.0100","13.9600","0.6400","4.6377","13.8000"
"600390.SH","五矿资本","2010-01-08","14.3100","14.3800","14.5400","13.8000","-0.0600","-0.4155","14.4400"
"600390.SH","五矿资本","2010-01-12","14.7500","15.3100","15.4400","14.6100","0.5600","3.7966","14.7500"
"600390.SH","五矿资本","2010-01-20","14.7600","14.3000","15.0000","14.1900","-0.4900","-3.3130","14.7900"
"600390.SH","五矿资本","2010-01-22","13.9000","13.5500","13.9000","13.2000","-0.5800","-4.1047","14.1300"
"600390.SH","五矿资本","2010-01-25","13.0000","12.9900","13.2900","12.7900","-0.5600","-4.1328","13.5500"
"600390.SH","五矿资本","2010-01-26","12.9100","12.7700","13.0700","12.6600","-0.2200","-1.6936","12.9900"
"600390.SH","五矿资本","2010-01-28","12.7100","12.8900","12.8900","12.6200","0.1800","1.4162","12.7100"
"600390.SH","五矿资本","2010-01-29","12.7600","12.8600","13.0000","12.7600","-0.0300","-0.2327","12.8900"
"600390.SH","五矿资本","2010-02-02","12.2700","12.1100","12.4500","12.1000","0.0200","0.1654","12.0900"
"600390.SH","五矿资本","2010-02-10","11.8500","12.0100","12.1000","11.8500","0.2700","2.2998","11.7400"
"600390.SH","五矿资本","2010-02-12","12.0800","12.2100","12.3300","12.0800","0.1900","1.5807","12.0200"
"600390.SH","五矿资本","2010-02-22","12.2100","12.2100","12.4000","12.1800","0.0000","0.0000","12.2100"
"600390.SH","五矿资本","2010-02-23","12.1400","12.4700","12.7700","11.9000","0.2600","2.1294","12.2100"
"600390.SH","五矿资本","2010-02-25","12.5700","12.7500","12.7600","12.4100","0.1600","1.2708","12.5900"
"600390.SH","五矿资本","2010-02-26","12.6600","12.6900","12.7900","12.6000","-0.0600","-0.4706","12.7500"
"600390.SH","五矿资本","2010-03-01","12.7900","12.9500","13.1300","12.7600","0.2600","2.0489","12.6900"
"600390.SH","五矿资本","2010-01-06","13.8000","13.8000","14.1100","13.7300","-0.0700","-0.5047","13.8700"
"600390.SH","五矿资本","2010-01-27","12.8100","12.7100","12.9800","12.6800","-0.0600","-0.4699","12.7700"
"600390.SH","五矿资本","2010-02-24","12.4200","12.5900","12.6000","12.2200","0.1200","0.9623","12.4700"
"600390.SH","五矿资本","2010-01-11","14.3800","14.7500","14.8000","14.1500","0.3700","2.5730","14.3800"
"600390.SH","五矿资本","2010-02-01","12.9000","12.0900","12.9500","11.9900","-0.7700","-5.9876","12.8600"
"600390.SH","五矿资本","2010-01-13","14.9800","14.6600","15.1500","14.3500","-0.6500","-4.2456","15.3100"
"600390.SH","五矿资本","2010-02-03","12.1000","12.3000","12.4000","11.5300","0.1900","1.5690","12.1100"
"600390.SH","五矿资本","2010-01-14","14.7000","14.9200","15.0000","14.5100","0.2600","1.7735","14.6600"
"600390.SH","五矿资本","2010-02-04","12.2300","12.2700","12.4800","12.0000","-0.0300","-0.2439","12.3000"
"600390.SH","五矿资本","2010-01-15","14.9200","14.8800","15.1400","14.7600","-0.0400","-0.2681","14.9200"
"600390.SH","五矿资本","2010-02-05","12.0000","11.8000","12.0200","11.6300","-0.4700","-3.8305","12.2700"
"600390.SH","五矿资本","2010-01-18","14.8100","15.0900","15.1000","14.6400","0.2100","1.4113","14.8800"
"600390.SH","五矿资本","2010-02-08","11.7500","11.7400","11.8900","11.7200","-0.0600","-0.5085","11.8000"
"600390.SH","五矿资本","2010-01-19","15.0900","14.7900","15.1900","14.7500","-0.3000","-1.9881","15.0900"
"600390.SH","五矿资本","2010-02-09","11.7400","11.7400","11.7400","11.7400","","","11.7400"
"600390.SH","五矿资本","2010-01-21","14.3200","14.1300","14.5200","13.9900","-0.1700","-1.1888","14.3000"
"600390.SH","五矿资本","2010-02-11","11.9700","12.0200","12.1000","11.9200","0.0100","0.0833","12.0100"
"600390.SH","五矿资本","2010-03-02","12.9500","13.0900","13.2100","12.9200","0.1400","1.0811","12.9500"
"600390.SH","五矿资本","2010-03-03","13.1000","13.4900","13.5700","13.1000","0.4000","3.0558","13.0900"
"600390.SH","五矿资本","2010-03-04","13.5500","12.9800","13.6000","12.8900","-0.5100","-3.7806","13.4900"
"600390.SH","五矿资本","2010-03-05","13.1600","13.1100","13.4100","12.9400","0.1300","1.0015","12.9800"
"600390.SH","五矿资本","2010-03-08","12.9300","13.0600","13.0700","12.8700","-0.0500","-0.3814","13.1100"
"600390.SH","五矿资本","2010-03-09","13.0300","13.2900","13.4000","12.9200","0.2300","1.7611","13.0600"
"600390.SH","五矿资本","2010-03-10","13.2000","13.4900","13.5600","13.0600","0.2000","1.5049","13.2900"
"600390.SH","五矿资本","2010-03-11","13.3000","13.7600","13.9400","13.2500","0.2700","2.0015","13.4900"
"600390.SH","五矿资本","2010-03-12","13.7000","13.1700","13.7500","13.1500","-0.5900","-4.2878","13.7600"
"600390.SH","五矿资本","2010-03-15","13.2600","12.9500","13.2600","12.7300","-0.2200","-1.6705","13.1700"
"600390.SH","五矿资本","2010-03-16","13.0500","13.3700","13.4600","12.9700","0.4200","3.2432","12.9500"
"600390.SH","五矿资本","2010-03-17","13.3700","13.5700","13.7800","13.2700","0.2000","1.4959","13.3700"
"600390.SH","五矿资本","2010-03-18","13.5000","13.4200","13.6900","13.2900","-0.1500","-1.1054","13.5700"
"600390.SH","五矿资本","2010-03-19","13.4200","13.3800","13.4800","13.1000","-0.0400","-0.2981","13.4200"
"600390.SH","五矿资本","2010-03-22","13.2800","13.7100","13.7200","13.1000","0.3300","2.4664","13.3800"
"600390.SH","五矿资本","2010-03-23","13.7600","13.7700","13.8800","13.4200","0.0600","0.4376","13.7100"
"600390.SH","五矿资本","2010-03-24","13.9000","13.7500","14.1800","13.7300","-0.0200","-0.1452","13.7700"
"600390.SH","五矿资本","2010-03-25","13.6500","13.9200","14.1500","13.5100","0.1700","1.2364","13.7500"
"600390.SH","五矿资本","2010-03-26","13.9000","14.0200","14.1300","13.6600","0.1000","0.7184","13.9200"
"600390.SH","五矿资本","2010-03-30","14.0000","14.4000","14.4500","13.8800","0.3800","2.7104","14.0200"
"600390.SH","五矿资本","2010-03-31","14.4000","14.4600","14.5500","14.2600","0.0600","0.4167","14.4000"
"600390.SH","五矿资本","2010-04-01","14.4300","14.8900","14.9000","14.3000","0.4300","2.9737","14.4600"
"600390.SH","五矿资本","2010-04-02","14.9000","14.8900","15.0800","14.6600","0.0000","0.0000","14.8900"
"600390.SH","五矿资本","2010-04-06","14.8800","14.4900","15.0500","14.3900","-0.4000","-2.6864","14.8900"
"600390.SH","五矿资本","2010-04-07","14.4500","14.5600","14.6000","14.3500","0.0700","0.4831","14.4900"
"600390.SH","五矿资本","2010-04-08","14.5500","14.0400","14.6500","14.0000","-0.5200","-3.5714","14.5600"
"600390.SH","五矿资本","2010-04-09","14.0400","14.0400","14.0400","14.0400","","","14.0400"
"600390.SH","五矿资本","2010-04-12","14.2500","14.3700","14.6800","14.1600","0.3300","2.3504","14.0400"
"600390.SH","五矿资本","2010-04-13","14.3100","14.6100","14.6500","13.4900","0.2400","1.6701","14.3700"
"600390.SH","五矿资本","2010-04-14","14.5300","14.6400","14.7500","14.4200","0.0300","0.2053","14.6100"
"600390.SH","五矿资本","2010-04-15","14.6100","14.1200","14.6100","14.0000","-0.5200","-3.5519","14.6400"
"600390.SH","五矿资本","2010-04-19","13.9000","13.3500","13.9800","13.3300","-0.7100","-5.0498","14.0600"
"600390.SH","五矿资本","2010-04-21","13.3000","13.7800","13.8500","13.2000","0.5100","3.8432","13.2700"
"600390.SH","五矿资本","2010-04-22","13.8800","14.1300","14.4700","13.5800","0.3500","2.5399","13.7800"
"600390.SH","五矿资本","2010-04-23","14.0800","14.4900","14.6300","14.0600","0.3600","2.5478","14.1300"
"600390.SH","五矿资本","2010-04-26","14.5600","14.4400","14.5900","14.1700","-0.0500","-0.3451","14.4900"
"600390.SH","五矿资本","2010-04-28","14.0300","14.8600","14.9000","13.9500","0.5700","3.9888","14.2900"
"600390.SH","五矿资本","2010-04-29","14.9300","14.3100","15.1000","14.2800","-0.5500","-3.7012","14.8600"
"600390.SH","五矿资本","2010-04-30","13.9500","13.1000","13.9800","12.8800","-1.2100","-8.4556","14.3100"
"600390.SH","五矿资本","2010-05-04","12.7500","13.1700","13.4300","12.4000","0.0700","0.5343","13.1000"
"600390.SH","五矿资本","2010-05-05","12.8000","13.4900","13.5000","12.6000","0.3200","2.4298","13.1700"
"600390.SH","五矿资本","2010-05-06","13.3500","13.4000","13.7500","13.3500","-0.0900","-0.6672","13.4900"
"600390.SH","五矿资本","2010-05-07","13.1000","12.6100","13.3100","12.6000","-0.7900","-5.8955","13.4000"
"600390.SH","五矿资本","2010-05-11","12.2800","11.9400","12.3900","11.8300","-0.0700","-0.5829","12.0100"
"600390.SH","五矿资本","2010-05-13","11.5900","11.9300","11.9700","11.4300","0.3500","3.0225","11.5800"
"600390.SH","五矿资本","2010-05-14","11.8500","12.1500","12.3800","11.7500","0.2200","1.8441","11.9300"
"600390.SH","五矿资本","2010-05-17","11.9000","11.3300","12.1400","11.3000","-0.8200","-6.7490","12.1500"
"600390.SH","五矿资本","2010-05-18","11.2600","11.3800","11.4900","10.7300","0.0500","0.4413","11.3300"
"600390.SH","五矿资本","2010-05-20","11.1000","11.0500","11.3900","11.0100","-0.2400","-2.1258","11.2900"
"600390.SH","五矿资本","2010-05-21","10.4900","10.9300","10.9700","10.3000","-0.1200","-1.0860","11.0500"
"600390.SH","五矿资本","2010-05-24","11.0100","11.3800","11.4400","11.0000","0.4500","4.1171","10.9300"
"600390.SH","五矿资本","2010-05-25","11.3500","11.6500","11.9500","11.2100","0.2700","2.3726","11.3800"
"600390.SH","五矿资本","2010-05-26","11.5300","11.6500","11.9600","11.4800","0.0000","0.0000","11.6500"
"600390.SH","五矿资本","2010-05-27","11.6100","12.4100","12.7800","11.3500","0.7600","6.5236","11.6500"
"600390.SH","五矿资本","2010-05-28","12.4600","12.2800","12.6500","12.1800","-0.1300","-1.0475","12.4100"
"600390.SH","五矿资本","2010-05-31","12.1400","11.9200","12.5000","11.8200","-0.3600","-2.9316","12.2800"
"600390.SH","五矿资本","2010-03-29","14.0400","14.0200","14.1300","13.8200","0.0000","0.0000","14.0200"
"600390.SH","五矿资本","2010-04-20","13.2200","13.2700","13.5100","12.9800","-0.0800","-0.5993","13.3500"
"600390.SH","五矿资本","2010-05-12","11.9000","11.5800","12.0000","11.3600","-0.3600","-3.0151","11.9400"
"600390.SH","五矿资本","2010-04-16","14.1200","14.0600","14.2300","13.9500","-0.0600","-0.4249","14.1200"
"600390.SH","五矿资本","2010-05-10","12.6300","12.0100","12.8100","11.7500","-0.6000","-4.7581","12.6100"
"600390.SH","五矿资本","2010-04-27","14.4700","14.2900","14.7500","13.9500","-0.1500","-1.0388","14.4400"
"600390.SH","五矿资本","2010-05-19","11.2100","11.2900","11.7900","11.0000","-0.0900","-0.7909","11.3800"
"600390.SH","五矿资本","2010-06-01","11.8000","12.2000","12.2800","11.5300","0.2800","2.3490","11.9200"
"600390.SH","五矿资本","2010-06-02","12.0000","12.3200","12.3300","11.7500","0.1200","0.9836","12.2000"
"600390.SH","五矿资本","2010-06-03","12.3800","11.9100","12.3800","11.9000","-0.4100","-3.3279","12.3200"
"600390.SH","五矿资本","2010-06-04","11.8700","12.1100","12.1500","11.7600","0.2000","1.6793","11.9100"
"600390.SH","五矿资本","2010-06-07","11.8000","11.8200","11.9800","11.4800","-0.2900","-2.3947","12.1100"
"600390.SH","五矿资本","2010-06-08","11.8200","11.7900","12.0000","11.6000","-0.0300","-0.2538","11.8200"
"600390.SH","五矿资本","2010-06-09","11.8800","12.3200","12.3300","11.8000","0.5300","4.4953","11.7900"
"600390.SH","五矿资本","2010-06-10","12.3000","12.2400","12.4100","12.1500","-0.0800","-0.6494","12.3200"
"600390.SH","五矿资本","2010-06-11","12.3000","12.3400","12.4500","12.1800","0.1000","0.8170","12.2400"
"600390.SH","五矿资本","2010-06-17","12.3800","12.2100","12.6500","12.2000","-0.1300","-1.0535","12.3400"
"600390.SH","五矿资本","2010-06-18","12.1500","11.2200","12.2000","11.2000","-0.9900","-8.1081","12.2100"
"600390.SH","五矿资本","2010-06-21","11.2000","11.6400","11.7000","11.1200","0.4200","3.7433","11.2200"
"600390.SH","五矿资本","2010-06-22","11.6000","11.7200","11.7800","11.5200","0.0800","0.6873","11.6400"
"600390.SH","五矿资本","2010-06-23","11.7900","11.7000","11.9000","11.5600","-0.0200","-0.1707","11.7200"
"600390.SH","五矿资本","2010-06-24","11.6000","11.8600","11.9200","11.5500","0.1600","1.3675","11.7000"
"600390.SH","五矿资本","2010-06-25","11.8600","12.1200","12.2800","11.7900","0.2600","2.1922","11.8600"
"600390.SH","五矿资本","2010-06-28","12.1300","11.7000","12.2000","11.5600","-0.4200","-3.4653","12.1200"
"600390.SH","五矿资本","2010-06-29","11.6000","11.0900","11.7400","10.7800","-0.6100","-5.2137","11.7000"
"600390.SH","五矿资本","2010-06-30","10.9000","10.8400","11.1400","10.7800","-0.2500","-2.2543","11.0900"
"600390.SH","五矿资本","2010-07-01","10.7000","10.4400","11.0000","10.4000","-0.4000","-3.6900","10.8400"
"600390.SH","五矿资本","2010-07-05","10.4000","10.5600","10.7000","10.3500","-0.0400","-0.3774","10.6000"
"600390.SH","五矿资本","2010-07-06","10.5400","10.8400","10.9800","10.4000","0.2800","2.6515","10.5600"
"600390.SH","五矿资本","2010-07-07","11.0100","10.9000","11.0900","10.7000","0.0600","0.5535","10.8400"
"600390.SH","五矿资本","2010-07-08","11.0000","10.8200","11.0000","10.7800","-0.0800","-0.7339","10.9000"
"600390.SH","五矿资本","2010-07-09","10.8500","11.0900","11.1500","10.8100","0.2700","2.4954","10.8200"
"600390.SH","五矿资本","2010-07-12","11.1000","11.0900","11.2300","11.0300","0.0000","0.0000","11.0900"
"600390.SH","五矿资本","2010-07-13","11.0100","11.0200","11.2800","10.8800","-0.0700","-0.6312","11.0900"
"600390.SH","五矿资本","2010-07-14","11.0200","11.2200","11.2700","11.0000","0.2000","1.8149","11.0200"
"600390.SH","五矿资本","2010-07-15","11.2200","10.6600","11.2200","10.6100","-0.5600","-4.9911","11.2200"
"600390.SH","五矿资本","2010-07-16","10.5400","10.6600","10.7300","10.3500","0.0000","0.0000","10.6600"
"600390.SH","五矿资本","2010-07-19","10.5200","11.1100","11.1200","10.4600","0.4500","4.2214","10.6600"
"600390.SH","五矿资本","2010-07-20","11.1100","12.1400","12.2200","11.0700","1.0300","9.2709","11.1100"
"600390.SH","五矿资本","2010-07-21","11.8300","12.5600","12.7800","11.8200","0.4200","3.4596","12.1400"
"600390.SH","五矿资本","2010-07-22","12.3000","12.4500","13.0200","12.1400","-0.1100","-0.8758","12.5600"
"600390.SH","五矿资本","2010-07-26","12.5000","12.5900","12.7700","12.4200","0.3400","2.7755","12.2500"
"600390.SH","五矿资本","2010-07-27","12.4200","12.5800","12.8000","12.3100","-0.0100","-0.0794","12.5900"
"600390.SH","五矿资本","2010-07-28","12.5000","12.7900","12.8700","12.5000","0.2100","1.6693","12.5800"
"600390.SH","五矿资本","2010-07-29","12.7500","13.0400","13.0800","12.6200","0.2500","1.9547","12.7900"
"600390.SH","五矿资本","2010-07-30","12.9400","12.9900","13.2700","12.9300","-0.0500","-0.3834","13.0400"
"600390.SH","五矿资本","2010-08-02","12.9700","13.0500","13.1700","12.8300","0.0600","0.4619","12.9900"
"600390.SH","五矿资本","2010-08-03","13.1700","12.6600","13.1700","12.5300","-0.3900","-2.9885","13.0500"
"600390.SH","五矿资本","2010-08-04","12.6200","13.0400","13.0500","12.5500","0.3800","3.0016","12.6600"
"600390.SH","五矿资本","2010-08-05","13.0300","12.8400","13.1000","12.7400","-0.2000","-1.5337","13.0400"
"600390.SH","五矿资本","2010-08-06","12.9500","13.2900","13.4000","12.7000","0.4500","3.5047","12.8400"
"600390.SH","五矿资本","2010-08-09","13.3000","13.3800","13.4200","13.1300","0.0900","0.6772","13.2900"
"600390.SH","五矿资本","2010-08-10","13.3000","12.8000","13.4500","12.7600","-0.5800","-4.3348","13.3800"
"600390.SH","五矿资本","2010-08-11","12.7200","12.8000","13.0000","12.4700","0.0000","0.0000","12.8000"
"600390.SH","五矿资本","2010-08-12","12.6000","12.7800","13.0600","12.5000","-0.0200","-0.1563","12.8000"
"600390.SH","五矿资本","2010-08-16","13.1600","13.3800","13.5600","13.1000","0.1900","1.4405","13.1900"
"600390.SH","五矿资本","2010-08-17","13.3700","13.6000","13.7400","13.2000","0.2200","1.6442","13.3800"
"600390.SH","五矿资本","2010-08-18","13.6100","13.5400","13.6500","13.3500","-0.0600","-0.4412","13.6000"
"600390.SH","五矿资本","2010-08-20","13.6500","13.6900","14.0400","13.3300","-0.0100","-0.0730","13.7000"
"600390.SH","五矿资本","2010-08-23","13.6200","14.2800","14.7800","13.5600","0.5900","4.3097","13.6900"
"600390.SH","五矿资本","2010-08-24","14.2000","14.3000","14.3500","13.9300","0.0200","0.1401","14.2800"
"600390.SH","五矿资本","2010-08-25","14.1600","14.2700","14.8000","14.1000","-0.0300","-0.2098","14.3000"
"600390.SH","五矿资本","2010-08-26","14.2500","13.9800","14.3700","13.8000","-0.2900","-2.0322","14.2700"
"600390.SH","五矿资本","2010-08-27","13.9700","13.8700","13.9700","13.5800","-0.1100","-0.7868","13.9800"
"600390.SH","五矿资本","2010-08-30","13.9000","15.2600","15.2600","13.9000","1.3900","10.0216","13.8700"
"600390.SH","五矿资本","2010-08-31","15.2600","15.2600","15.2600","15.2600","","","15.2600"
"600390.SH","五矿资本","2010-09-01","16.7900","16.5400","16.7900","15.7600","1.2800","8.3879","15.2600"
"600390.SH","五矿资本","2010-09-02","16.3000","17.7900","18.1900","16.1000","1.2500","7.5574","16.5400"
"600390.SH","五矿资本","2010-09-06","17.2000","16.9200","17.8800","16.6500","-0.2200","-1.2835","17.1400"
"600390.SH","五矿资本","2010-09-07","16.9900","17.0500","17.3900","16.8300","0.1300","0.7683","16.9200"
"600390.SH","五矿资本","2010-09-08","17.0100","17.7400","18.1700","16.7000","0.6900","4.0469","17.0500"
"600390.SH","五矿资本","2010-09-10","18.0500","17.6500","18.1800","17.3600","-0.6000","-3.2877","18.2500"
"600390.SH","五矿资本","2010-09-13","17.6500","18.4000","18.5400","17.6400","0.7500","4.2493","17.6500"
"600390.SH","五矿资本","2010-09-14","18.3000","18.0300","18.7000","17.9400","-0.3700","-2.0109","18.4000"
"600390.SH","五矿资本","2010-09-15","17.8200","16.4400","17.8700","16.3000","-1.5900","-8.8186","18.0300"
"600390.SH","五矿资本","2010-09-16","16.3900","16.2700","16.8800","15.9600","-0.1700","-1.0341","16.4400"
"600390.SH","五矿资本","2010-09-17","16.2000","15.9900","16.5900","15.9600","-0.2800","-1.7210","16.2700"
"600390.SH","五矿资本","2010-09-20","16.0000","15.8700","16.2000","15.3700","-0.1200","-0.7505","15.9900"
"600390.SH","五矿资本","2010-09-21","15.9200","15.9200","16.1500","15.6800","0.0500","0.3151","15.8700"
"600390.SH","五矿资本","2010-09-27","16.1500","16.4500","16.8600","16.1100","0.5300","3.3292","15.9200"
"600390.SH","五矿资本","2010-09-28","16.8100","16.7500","17.1800","16.3200","0.3000","1.8237","16.4500"
"600390.SH","五矿资本","2010-09-29","16.8900","16.4200","17.1500","16.3100","-0.3300","-1.9701","16.7500"
"600390.SH","五矿资本","2010-07-02","10.3300","10.6000","10.7500","10.1000","0.1600","1.5326","10.4400"
"600390.SH","五矿资本","2010-07-23","12.3100","12.2500","12.8000","12.1400","-0.2000","-1.6064","12.4500"
"600390.SH","五矿资本","2010-08-13","12.8000","13.1900","13.2600","12.7400","0.4100","3.2081","12.7800"
"600390.SH","五矿资本","2010-09-03","17.3000","17.1400","17.7200","16.7800","-0.6500","-3.6537","17.7900"
"600390.SH","五矿资本","2010-08-19","13.5500","13.7000","14.0800","13.4800","0.1600","1.1817","13.5400"
"600390.SH","五矿资本","2010-09-09","17.8000","18.2500","18.8900","17.5000","0.5100","2.8749","17.7400"
"600390.SH","五矿资本","2010-09-30","16.3900","16.8500","16.9800","16.3000","0.4300","2.6188","16.4200"
"600390.SH","五矿资本","2010-10-08","17.2000","17.3000","17.8000","17.0100","0.4500","2.6706","16.8500"
"600390.SH","五矿资本","2010-10-11","17.2000","17.4600","18.2000","17.1300","0.1600","0.9249","17.3000"
"600390.SH","五矿资本","2010-10-12","17.4500","17.8200","17.9700","17.2700","0.3600","2.0619","17.4600"
"600390.SH","五矿资本","2010-10-13","17.8600","17.6300","18.4400","17.5000","-0.1900","-1.0662","17.8200"
"600390.SH","五矿资本","2010-10-14","17.6500","18.2000","18.4400","17.5500","0.5700","3.2331","17.6300"
"600390.SH","五矿资本","2010-10-15","18.0000","18.9100","19.2800","17.3000","0.7100","3.9011","18.2000"
"600390.SH","五矿资本","2010-10-18","18.9200","20.6700","20.8000","18.6500","1.7600","9.3072","18.9100"
"600390.SH","五矿资本","2010-10-19","20.1900","20.2700","20.5000","19.6000","-0.4000","-1.9352","20.6700"
"600390.SH","五矿资本","2010-10-20","19.5000","18.9900","19.8800","18.6000","-1.2800","-6.3148","20.2700"
"600390.SH","五矿资本","2010-10-21","18.9000","19.4200","19.5900","18.7600","0.4300","2.2644","18.9900"
"600390.SH","五矿资本","2010-10-22","19.3300","20.0100","20.4400","19.0000","0.5900","3.0381","19.4200"
"600390.SH","五矿资本","2010-10-25","19.8600","20.1800","20.6600","19.8600","0.1700","0.8496","20.0100"
"600390.SH","五矿资本","2010-10-26","20.1800","20.8500","20.8700","19.6100","0.6700","3.3201","20.1800"
"600390.SH","五矿资本","2010-10-27","20.7800","20.6700","22.5000","20.3200","-0.1800","-0.8633","20.8500"
"600390.SH","五矿资本","2010-10-28","20.1000","21.1300","22.1500","20.1000","0.4600","2.2254","20.6700"
"600390.SH","五矿资本","2010-10-29","21.4600","23.2400","23.2400","21.4600","2.1100","9.9858","21.1300"
"600390.SH","五矿资本","2010-11-02","24.7000","23.7000","26.0000","23.5200","-1.7400","-6.8396","25.4400"
"600390.SH","五矿资本","2010-11-03","23.3000","22.0200","24.1900","21.7900","-1.6800","-7.0886","23.7000"
"600390.SH","五矿资本","2010-11-04","22.5300","23.0100","23.4600","21.9000","0.9900","4.4959","22.0200"
"600390.SH","五矿资本","2010-11-05","23.9700","24.1700","25.2200","23.5100","1.1600","5.0413","23.0100"
"600390.SH","五矿资本","2010-11-08","24.2400","23.8500","24.3600","23.3600","-0.3200","-1.3240","24.1700"
"600390.SH","五矿资本","2010-11-09","23.5200","23.9700","24.7300","23.5200","0.1200","0.5031","23.8500"
"600390.SH","五矿资本","2010-11-10","23.9000","24.3200","24.6300","23.0000","0.3500","1.4602","23.9700"
"600390.SH","五矿资本","2010-11-11","23.9800","24.2100","25.8000","23.8100","-0.1100","-0.4523","24.3200"
"600390.SH","五矿资本","2010-11-12","23.7700","24.2600","25.7300","23.1900","0.0500","0.2065","24.2100"
"600390.SH","五矿资本","2010-11-15","24.4000","24.5900","25.4800","23.2800","0.3300","1.3603","24.2600"
"600390.SH","五矿资本","2010-11-16","24.6000","22.1300","24.6000","22.1300","-2.4600","-10.0041","24.5900"
"600390.SH","五矿资本","2010-11-17","20.7900","20.1000","21.1700","19.9200","-2.0300","-9.1731","22.1300"
"600390.SH","五矿资本","2010-11-18","20.3000","20.4700","20.7700","19.3800","0.3700","1.8408","20.1000"
"600390.SH","五矿资本","2010-11-19","20.7700","20.7200","20.7700","19.6900","0.2500","1.2213","20.4700"
"600390.SH","五矿资本","2010-11-23","20.9000","19.6800","20.9000","19.4200","-1.4200","-6.7299","21.1000"
"600390.SH","五矿资本","2010-11-24","19.6000","20.2900","20.5300","19.4100","0.6100","3.0996","19.6800"
"600390.SH","五矿资本","2010-11-25","20.3700","20.8500","20.9600","20.0000","0.5600","2.7600","20.2900"
"600390.SH","五矿资本","2010-11-26","20.9000","20.3800","20.9500","20.1000","-0.4700","-2.2542","20.8500"
"600390.SH","五矿资本","2010-11-29","20.1800","19.7300","20.2900","19.5500","-0.6500","-3.1894","20.3800"
"600390.SH","五矿资本","2010-11-30","19.8000","19.0700","20.0900","18.0000","-0.6600","-3.3452","19.7300"
"600390.SH","五矿资本","2010-12-01","18.8800","18.9700","19.2900","18.5200","-0.1000","-0.5244","19.0700"
"600390.SH","五矿资本","2010-12-02","19.2000","19.2500","19.8000","19.2000","0.2800","1.4760","18.9700"
"600390.SH","五矿资本","2010-12-03","19.2700","19.4500","19.6400","19.2000","0.2000","1.0390","19.2500"
"600390.SH","五矿资本","2010-12-06","19.5000","18.9100","19.7200","18.6100","-0.5400","-2.7764","19.4500"
"600390.SH","五矿资本","2010-12-07","18.6300","19.0200","19.2000","18.1700","0.1100","0.5817","18.9100"
"600390.SH","五矿资本","2010-12-08","18.9200","18.9100","19.3900","18.7200","-0.1100","-0.5783","19.0200"
"600390.SH","五矿资本","2010-12-09","18.8400","18.6600","18.9100","18.3800","-0.2500","-1.3221","18.9100"
"600390.SH","五矿资本","2010-12-10","18.5800","19.2500","19.4100","18.3800","0.5900","3.1618","18.6600"
"600390.SH","五矿资本","2010-12-14","20.8000","21.4700","21.8500","20.7000","0.6900","3.3205","20.7800"
"600390.SH","五矿资本","2010-12-15","21.5000","21.3500","21.9800","21.0500","-0.1200","-0.5589","21.4700"
"600390.SH","五矿资本","2010-12-16","21.6100","22.9000","23.4000","21.4600","1.5500","7.2599","21.3500"
"600390.SH","五矿资本","2010-12-17","22.9000","22.9000","22.9000","22.9000","","","22.9000"
"600390.SH","五矿资本","2010-12-20","22.9000","22.9000","22.9000","22.9000","","","22.9000"
"600390.SH","五矿资本","2010-12-21","22.9000","22.9000","22.9000","22.9000","","","22.9000"
"600390.SH","五矿资本","2010-12-22","22.9000","22.9000","22.9000","22.9000","","","22.9000"
"600390.SH","五矿资本","2010-12-23","22.9000","22.9000","22.9000","22.9000","","","22.9000"
"600390.SH","五矿资本","2010-12-24","22.9000","22.9000","22.9000","22.9000","","","22.9000"
"600390.SH","五矿资本","2010-12-27","23.0400","21.5500","25.0000","21.0900","-1.3500","-5.8952","22.9000"
"600390.SH","五矿资本","2010-12-28","20.5600","19.7000","21.1000","19.5000","-1.8500","-8.5847","21.5500"
"600390.SH","五矿资本","2010-12-29","19.9300","20.3100","20.6500","19.8200","0.6100","3.0964","19.7000"
"600390.SH","五矿资本","2010-12-30","20.2000","19.6800","20.2500","19.3000","-0.6300","-3.1019","20.3100"
"600390.SH","五矿资本","2010-12-31","19.7000","20.6800","20.8000","19.6900","1.0000","5.0813","19.6800"
"600390.SH","五矿资本","2011-01-04","21.0300","22.2200","22.5900","20.7300","1.5400","7.4468","20.6800"
"600390.SH","五矿资本","2011-01-06","22.2500","22.7000","23.1000","21.8000","0.1800","0.7993","22.5200"
"600390.SH","五矿资本","2011-01-07","22.6000","23.5200","24.0800","22.4000","0.8200","3.6123","22.7000"
"600390.SH","五矿资本","2011-01-10","23.5200","23.5200","23.5200","23.5200","","","23.5200"
"600390.SH","五矿资本","2011-01-13","22.2900","22.8900","22.9500","21.7900","0.8400","3.8095","22.0500"
"600390.SH","五矿资本","2011-01-17","21.0000","20.2400","21.4500","19.9000","-1.4200","-6.5559","21.6600"
"600390.SH","五矿资本","2011-01-18","19.9700","20.0900","20.2000","19.4500","-0.1500","-0.7411","20.2400"
"600390.SH","五矿资本","2011-01-19","20.2900","20.8400","21.0000","20.0500","0.7500","3.7332","20.0900"
"600390.SH","五矿资本","2011-01-25","18.9500","18.6700","19.1600","18.3800","-0.2100","-1.1123","18.8800"
"600390.SH","五矿资本","2011-01-27","19.1400","19.4600","19.8000","19.0000","0.3200","1.6719","19.1400"
"600390.SH","五矿资本","2011-01-28","19.3100","20.2000","20.4900","19.2600","0.7400","3.8027","19.4600"
"600390.SH","五矿资本","2011-01-31","20.1000","20.5400","20.7700","19.8500","0.3400","1.6832","20.2000"
"600390.SH","五矿资本","2011-02-10","19.8900","20.9500","21.2300","19.6800","1.0600","5.3293","19.8900"
"600390.SH","五矿资本","2011-02-14","20.8500","21.5300","21.8000","20.8500","0.5300","2.5238","21.0000"
"600390.SH","五矿资本","2011-02-15","21.6000","21.7100","22.1300","21.3200","0.1800","0.8360","21.5300"
"600390.SH","五矿资本","2011-02-16","21.6000","22.0700","22.0900","21.4300","0.3600","1.6582","21.7100"
"600390.SH","五矿资本","2011-02-22","21.7700","20.8700","22.3000","20.8100","-0.8700","-4.0018","21.7400"
"600390.SH","五矿资本","2011-02-23","20.8500","20.8800","21.1400","20.6600","0.0100","0.0479","20.8700"
"600390.SH","五矿资本","2010-11-01","23.6000","25.4400","25.5600","23.0000","2.2000","9.4664","23.2400"
"600390.SH","五矿资本","2010-11-22","20.3000","21.1000","21.4800","20.0100","0.3800","1.8340","20.7200"
"600390.SH","五矿资本","2010-12-13","19.2600","20.7800","20.8500","19.2600","1.5300","7.9481","19.2500"
"600390.SH","五矿资本","2011-01-05","21.6000","22.5200","22.8000","21.3800","0.3000","1.3501","22.2200"
"600390.SH","五矿资本","2011-01-26","18.7500","19.1400","19.3700","18.5600","0.4700","2.5174","18.6700"
"600390.SH","五矿资本","2011-01-11","22.5800","22.1200","22.9300","21.5000","-1.4000","-5.9524","23.5200"
"600390.SH","五矿资本","2011-02-01","20.5300","20.8100","21.2500","20.5000","0.2700","1.3145","20.5400"
"600390.SH","五矿资本","2011-01-12","22.3100","22.0500","22.4900","21.5000","-0.0700","-0.3165","22.1200"
"600390.SH","五矿资本","2011-02-09","20.5300","19.8900","20.8000","19.7200","-0.9200","-4.4210","20.8100"
"600390.SH","五矿资本","2011-01-14","22.6900","21.6600","22.8700","21.6000","-1.2300","-5.3735","22.8900"
"600390.SH","五矿资本","2011-02-11","20.9900","21.0000","21.6400","20.7300","0.0500","0.2387","20.9500"
"600390.SH","五矿资本","2011-01-20","20.8200","19.4800","20.8200","19.4600","-1.3600","-6.5259","20.8400"
"600390.SH","五矿资本","2011-02-17","22.4800","21.6000","22.6600","21.5000","-0.4700","-2.1296","22.0700"
"600390.SH","五矿资本","2011-01-21","19.2000","19.3200","19.7500","19.0100","-0.1600","-0.8214","19.4800"
"600390.SH","五矿资本","2011-02-18","21.6300","21.3900","21.9900","21.2000","-0.2100","-0.9722","21.6000"
"600390.SH","五矿资本","2011-01-24","19.7500","18.8800","19.7500","18.8500","-0.4400","-2.2774","19.3200"
"600390.SH","五矿资本","2011-02-21","21.3000","21.7400","21.7700","21.0100","0.3500","1.6363","21.3900"
"600390.SH","五矿资本","2011-02-24","20.9000","21.3200","21.4900","20.8100","0.4400","2.1073","20.8800"
"600390.SH","五矿资本","2011-02-25","21.3000","21.8700","22.1500","21.2300","0.5500","2.5797","21.3200"
"600390.SH","五矿资本","2011-02-28","21.9300","21.9400","21.9800","21.4000","0.0700","0.3201","21.8700"
"600390.SH","五矿资本","2011-03-01","22.0800","22.0600","22.2900","21.5800","0.1200","0.5469","21.9400"
"600390.SH","五矿资本","2011-03-02","21.6200","21.4400","21.8400","20.7000","-0.6200","-2.8105","22.0600"
"600390.SH","五矿资本","2011-03-03","21.3000","21.0000","21.4500","20.6800","-0.4400","-2.0522","21.4400"
"600390.SH","五矿资本","2011-03-04","21.0800","22.0000","22.0000","20.8200","1.0000","4.7619","21.0000"
"600390.SH","五矿资本","2011-03-07","22.0600","22.7700","23.4900","22.0400","0.7700","3.5000","22.0000"
"600390.SH","五矿资本","2011-03-08","22.7500","23.0200","23.5800","22.4800","0.2500","1.0979","22.7700"
"600390.SH","五矿资本","2011-03-09","22.9000","22.6300","23.2800","22.4500","-0.3900","-1.6942","23.0200"
"600390.SH","五矿资本","2011-03-10","22.5100","22.7300","23.4700","22.1500","0.1000","0.4419","22.6300"
"600390.SH","五矿资本","2011-03-11","22.4800","23.7400","24.2700","22.3000","1.0100","4.4435","22.7300"
"600390.SH","五矿资本","2011-03-14","23.6900","24.3500","25.0000","23.5000","0.6100","2.5695","23.7400"
"600390.SH","五矿资本","2011-03-15","24.0700","24.0100","24.5700","23.0000","-0.3400","-1.3963","24.3500"
"600390.SH","五矿资本","2011-03-16","23.9600","25.2900","25.9300","23.7000","1.2800","5.3311","24.0100"
"600390.SH","五矿资本","2011-03-17","24.8800","24.9200","25.8400","24.4100","-0.3700","-1.4630","25.2900"
"600390.SH","五矿资本","2011-03-18","25.1200","24.0200","25.5400","24.0000","-0.9000","-3.6116","24.9200"
"600390.SH","五矿资本","2011-03-21","23.8200","23.8200","24.1000","23.0500","-0.2000","-0.8326","24.0200"
"600390.SH","五矿资本","2011-03-22","23.6600","24.1700","24.3500","23.1000","0.3500","1.4694","23.8200"
"600390.SH","五矿资本","2011-03-23","24.1000","24.1400","24.2000","23.5000","-0.0300","-0.1241","24.1700"
"600390.SH","五矿资本","2011-03-24","24.1500","23.5300","24.6700","23.4500","-0.6100","-2.5269","24.1400"
"600390.SH","五矿资本","2011-03-25","23.4000","23.8700","24.2100","23.3000","0.3400","1.4450","23.5300"
"600390.SH","五矿资本","2011-03-28","23.8000","24.6500","24.9700","23.4900","0.7800","3.2677","23.8700"
"600390.SH","五矿资本","2011-03-29","24.4800","24.1300","25.1700","24.0300","-0.5200","-2.1095","24.6500"
"600390.SH","五矿资本","2011-03-30","24.1400","25.9300","26.5400","23.7100","1.8000","7.4596","24.1300"
"600390.SH","五矿资本","2011-03-31","25.4600","25.0100","25.9500","24.8100","-0.9200","-3.5480","25.9300"
"600390.SH","五矿资本","2011-04-01","24.9600","25.0300","25.3300","24.3200","0.0200","0.0800","25.0100"
"600390.SH","五矿资本","2011-04-06","24.9300","26.2100","26.3900","24.8100","1.1800","4.7143","25.0300"
"600390.SH","五矿资本","2011-04-07","26.1000","26.1100","26.5000","25.6300","-0.1000","-0.3815","26.2100"
"600390.SH","五矿资本","2011-04-08","26.0600","25.6300","26.8600","25.5200","-0.4800","-1.8384","26.1100"
"600390.SH","五矿资本","2011-04-11","25.6000","25.4600","25.9800","25.1000","-0.1700","-0.6633","25.6300"
"600390.SH","五矿资本","2011-04-12","25.3000","25.0400","26.1900","24.8000","-0.4200","-1.6496","25.4600"
"600390.SH","五矿资本","2011-04-13","24.7700","23.7400","24.7700","23.3000","-1.3000","-5.1917","25.0400"
"600390.SH","五矿资本","2011-04-14","23.6000","23.6100","23.9900","23.4200","-0.1300","-0.5476","23.7400"
"600390.SH","五矿资本","2011-04-15","23.7100","23.2600","23.7800","22.8100","-0.3500","-1.4824","23.6100"
"600390.SH","五矿资本","2011-04-18","23.2000","23.2900","23.5800","22.9400","0.0300","0.1290","23.2600"
"600390.SH","五矿资本","2011-04-19","23.2400","22.4700","23.2400","22.3500","-0.8200","-3.5208","23.2900"
"600390.SH","五矿资本","2011-04-20","22.5000","22.9500","23.2000","22.5000","0.4800","2.1362","22.4700"
"600390.SH","五矿资本","2011-04-22","23.2300","22.4000","23.2700","22.3800","-0.8300","-3.5730","23.2300"
"600390.SH","五矿资本","2011-04-25","22.3500","21.4400","22.3500","21.3500","-0.9600","-4.2857","22.4000"
"600390.SH","五矿资本","2011-04-26","21.7000","21.7200","21.9300","21.4600","0.2800","1.3060","21.4400"
"600390.SH","五矿资本","2011-04-27","21.9200","20.9200","22.1500","20.7100","-0.8000","-3.6832","21.7200"
"600390.SH","五矿资本","2011-04-28","20.9200","20.9200","20.9200","20.9200","","","20.9200"
"600390.SH","五矿资本","2011-04-29","20.0800","20.8900","20.9500","19.9800","-0.0300","-0.1434","20.9200"
"600390.SH","五矿资本","2011-05-03","20.9000","20.4700","20.9400","20.0500","-0.4200","-2.0105","20.8900"
"600390.SH","五矿资本","2011-05-04","20.2500","19.9100","20.7400","19.8800","-0.5600","-2.7357","20.4700"
"600390.SH","五矿资本","2011-05-05","19.6800","19.5500","19.9000","19.1000","-0.3600","-1.8081","19.9100"
"600390.SH","五矿资本","2011-05-06","19.1000","19.5600","19.8000","18.9100","0.0100","0.0512","19.5500"
"600390.SH","五矿资本","2011-05-09","19.5600","19.7600","20.0900","19.5600","0.2000","1.0225","19.5600"
"600390.SH","五矿资本","2011-05-10","19.8800","20.5100","20.6100","19.7500","0.7500","3.7955","19.7600"
"600390.SH","五矿资本","2011-05-11","20.5400","20.3500","20.7000","20.2500","-0.1600","-0.7801","20.5100"
"600390.SH","五矿资本","2011-05-12","20.2000","19.5100","20.2000","19.5000","-0.8400","-4.1278","20.3500"
"600390.SH","五矿资本","2011-05-16","20.4500","19.9900","20.6000","19.9200","-0.5000","-2.4402","20.4900"
"600390.SH","五矿资本","2011-05-17","20.0500","20.3400","20.7500","19.5900","0.3500","1.7509","19.9900"
"600390.SH","五矿资本","2011-05-18","20.1500","20.4500","20.6800","20.0100","0.1100","0.5408","20.3400"
"600390.SH","五矿资本","2011-05-19","20.6300","20.1400","20.6300","20.1200","-0.3100","-1.5159","20.4500"
"600390.SH","五矿资本","2011-05-20","20.1900","20.5600","20.8800","20.0000","0.4200","2.0854","20.1400"
"600390.SH","五矿资本","2011-05-23","20.3800","19.4000","20.6900","19.3100","-1.1600","-5.6420","20.5600"
"600390.SH","五矿资本","2011-05-24","19.2600","19.6600","19.9000","19.0000","0.2600","1.3402","19.4000"
"600390.SH","五矿资本","2011-05-25","19.6000","20.3700","21.6000","19.5200","0.7100","3.6114","19.6600"
"600390.SH","五矿资本","2011-05-26","20.3800","20.4600","20.9000","20.2300","0.0900","0.4418","20.3700"
"600390.SH","五矿资本","2011-05-27","20.4600","19.3700","20.5900","19.3500","-1.0900","-5.3275","20.4600"
"600390.SH","五矿资本","2011-05-30","19.3500","18.0100","19.4700","18.0000","-1.3600","-7.0212","19.3700"
"600390.SH","五矿资本","2011-05-31","18.0600","18.3000","18.3900","17.5000","0.2900","1.6102","18.0100"
"600390.SH","五矿资本","2011-06-01","18.3100","18.3500","18.6400","17.9000","0.0500","0.2732","18.3000"
"600390.SH","五矿资本","2011-06-02","18.2700","17.9900","18.2700","17.7500","-0.3600","-1.9619","18.3500"
"600390.SH","五矿资本","2011-06-07","18.2500","18.8600","18.9900","18.2500","0.3100","1.6712","18.5500"
"600390.SH","五矿资本","2011-06-08","18.7100","19.4100","19.5000","18.7100","0.5500","2.9162","18.8600"
"600390.SH","五矿资本","2011-06-09","19.4100","18.7100","19.6800","18.7000","-0.7000","-3.6064","19.4100"
"600390.SH","五矿资本","2011-06-10","18.5400","18.8000","19.1500","18.3500","0.0900","0.4810","18.7100"
"600390.SH","五矿资本","2011-06-13","18.7000","19.1400","19.4900","18.5000","0.3400","1.8085","18.8000"
"600390.SH","五矿资本","2011-06-14","19.0000","18.9800","19.3600","18.8900","-0.1600","-0.8359","19.1400"
"600390.SH","五矿资本","2011-06-15","18.7500","18.6000","19.2500","18.5600","-0.3800","-2.0021","18.9800"
"600390.SH","五矿资本","2011-06-16","18.5900","18.0700","18.5900","18.0000","-0.5300","-2.8495","18.6000"
"600390.SH","五矿资本","2011-06-17","17.9200","17.6200","18.2900","17.5300","-0.4500","-2.4903","18.0700"
"600390.SH","五矿资本","2011-06-20","17.6600","17.0300","17.6600","17.0000","-0.5900","-3.3485","17.6200"
"600390.SH","五矿资本","2011-06-21","17.3100","17.1800","17.3100","16.8500","0.1500","0.8808","17.0300"
"600390.SH","五矿资本","2011-06-22","17.0500","17.1900","17.4300","17.0500","0.0100","0.0582","17.1800"
"600390.SH","五矿资本","2011-06-23","17.1700","17.5900","17.6800","17.0100","0.4000","2.3269","17.1900"
"600390.SH","五矿资本","2011-06-24","17.6100","18.0400","18.2600","17.6000","0.4500","2.5583","17.5900"
"600390.SH","五矿资本","2011-06-27","18.1200","18.1400","18.3500","18.0000","0.1000","0.5543","18.0400"
"600390.SH","五矿资本","2011-04-21","22.9700","23.2300","23.3500","22.8500","0.2800","1.2200","22.9500"
"600390.SH","五矿资本","2011-05-13","19.3900","20.4900","20.6900","19.3000","0.9800","5.0231","19.5100"
"600390.SH","五矿资本","2011-06-03","18.2000","18.5500","18.7000","18.0000","0.5600","3.1128","17.9900"
"600390.SH","五矿资本","2011-06-28","18.0500","18.2600","18.4500","18.0100","0.1200","0.6615","18.1400"
"600390.SH","五矿资本","2011-06-29","18.2000","17.9600","18.5000","17.9100","-0.3000","-1.6429","18.2600"
"600390.SH","五矿资本","2011-06-30","17.9600","18.1900","18.3200","17.9100","0.2300","1.2806","17.9600"
"600390.SH","五矿资本","2011-07-01","18.3300","18.2400","18.4700","18.0800","0.0500","0.2749","18.1900"
"600390.SH","五矿资本","2011-07-04","18.3900","19.2300","19.4400","18.3500","0.9900","5.4276","18.2400"
"600390.SH","五矿资本","2011-07-05","19.2500","19.3900","19.5800","19.0300","0.1600","0.8320","19.2300"
"600390.SH","五矿资本","2011-07-06","19.3600","19.4000","19.4400","19.0800","0.0100","0.0516","19.3900"
"600390.SH","五矿资本","2011-07-07","19.3600","19.0400","19.5400","18.9100","-0.3600","-1.8557","19.4000"
"600390.SH","五矿资本","2011-07-08","18.9500","18.8800","19.0900","18.6900","-0.1600","-0.8403","19.0400"
"600390.SH","五矿资本","2011-07-11","18.7500","19.5000","19.5900","18.7000","0.6200","3.2839","18.8800"
"600390.SH","五矿资本","2011-07-12","19.4200","18.8900","19.4200","18.8500","-0.6100","-3.1282","19.5000"
"600390.SH","五矿资本","2011-07-13","19.1500","19.8600","20.5000","19.0600","0.9700","5.1350","18.8900"
"600390.SH","五矿资本","2011-07-14","19.7000","19.8500","20.0500","19.6600","-0.0100","-0.0504","19.8600"
"600390.SH","五矿资本","2011-07-15","19.8700","19.8700","19.9800","19.7300","0.0200","0.1008","19.8500"
"600390.SH","五矿资本","2011-07-18","19.9000","20.0900","20.2400","19.8700","0.2200","1.1072","19.8700"
"600390.SH","五矿资本","2011-07-19","19.9800","19.6100","20.0000","19.5200","-0.4800","-2.3892","20.0900"
"600390.SH","五矿资本","2011-07-20","19.8100","19.4200","19.9000","19.0500","-0.1900","-0.9689","19.6100"
"600390.SH","五矿资本","2011-07-21","19.4100","18.8500","19.6000","18.8000","-0.5700","-2.9351","19.4200"
"600390.SH","五矿资本","2011-07-22","18.8600","18.8900","19.0700","18.7200","0.0400","0.2122","18.8500"
"600390.SH","五矿资本","2011-07-25","18.7900","17.7700","18.7900","17.6100","-1.1200","-5.9291","18.8900"
"600390.SH","五矿资本","2011-07-26","17.7500","18.0000","18.1500","17.6800","0.2300","1.2943","17.7700"
"600390.SH","五矿资本","2011-07-27","17.9600","18.3400","18.3500","17.7800","0.3400","1.8889","18.0000"
"600390.SH","五矿资本","2011-07-28","18.1500","19.2800","19.9200","18.0300","0.9400","5.1254","18.3400"
"600390.SH","五矿资本","2011-07-29","19.0900","18.6500","19.3500","18.5800","-0.6300","-3.2676","19.2800"
"600390.SH","五矿资本","2011-08-01","18.5700","18.6500","18.7500","18.4200","0.0000","0.0000","18.6500"
"600390.SH","五矿资本","2011-08-02","18.5900","18.3900","18.6000","18.0200","-0.2600","-1.3941","18.6500"
"600390.SH","五矿资本","2011-08-04","18.6000","18.5200","18.9000","18.5000","0.1100","0.5975","18.4100"
"600390.SH","五矿资本","2011-08-10","17.3000","16.8800","17.8000","16.8600","0.6700","4.1333","16.2100"
"600390.SH","五矿资本","2011-08-15","17.9300","18.0700","18.2700","17.8000","0.0400","0.2218","18.0300"
"600390.SH","五矿资本","2011-08-16","17.9400","18.1000","18.2500","17.9000","0.0300","0.1660","18.0700"
"600390.SH","五矿资本","2011-08-17","18.0000","18.3400","18.4800","17.9200","0.2400","1.3260","18.1000"
"600390.SH","五矿资本","2011-08-18","18.3400","17.6000","18.4700","17.5500","-0.7400","-4.0349","18.3400"
"600390.SH","五矿资本","2011-08-19","17.0100","17.0700","17.4300","16.6100","-0.5300","-3.0114","17.6000"
"600390.SH","五矿资本","2011-08-22","17.0000","17.0000","17.3000","16.9000","-0.0700","-0.4101","17.0700"
"600390.SH","五矿资本","2011-08-23","17.0900","17.3700","17.4000","17.0000","0.3700","2.1765","17.0000"
"600390.SH","五矿资本","2011-08-25","17.5200","18.0200","18.2600","17.3200","0.6500","3.7421","17.3700"
"600390.SH","五矿资本","2011-08-31","17.8500","18.2800","18.3700","17.6200","0.5700","3.2185","17.7100"
"600390.SH","五矿资本","2011-09-05","16.9800","16.6600","17.0000","16.6000","-0.5200","-3.0268","17.1800"
"600390.SH","五矿资本","2011-09-06","16.5800","16.7000","16.7800","16.5500","0.0400","0.2401","16.6600"
"600390.SH","五矿资本","2011-09-07","16.9000","17.2700","17.4200","16.7700","0.5700","3.4132","16.7000"
"600390.SH","五矿资本","2011-09-08","17.2700","17.2700","17.2700","17.2700","","","17.2700"
"600390.SH","五矿资本","2011-09-09","17.0100","17.1200","17.5000","17.0000","-0.1500","-0.8686","17.2700"
"600390.SH","五矿资本","2011-09-13","16.7100","16.8500","17.0500","16.7100","-0.2700","-1.5771","17.1200"
"600390.SH","五矿资本","2011-09-14","17.1500","17.4900","17.9500","17.1500","0.6400","3.7982","16.8500"
"600390.SH","五矿资本","2011-09-16","17.7100","18.2800","18.4500","17.7100","0.3900","2.1800","17.8900"
"600390.SH","五矿资本","2011-09-19","18.1500","17.9700","18.7800","17.8600","-0.3100","-1.6958","18.2800"
"600390.SH","五矿资本","2011-08-03","18.2100","18.4100","18.7000","18.0500","0.0200","0.1088","18.3900"
"600390.SH","五矿资本","2011-08-24","17.4600","17.3700","17.8800","17.3600","0.0000","0.0000","17.3700"
"600390.SH","五矿资本","2011-09-15","17.5000","17.8900","18.0900","17.4000","0.4000","2.2870","17.4900"
"600390.SH","五矿资本","2011-08-05","18.0000","17.5500","18.1500","17.4000","-0.9700","-5.2376","18.5200"
"600390.SH","五矿资本","2011-08-26","17.9600","18.0300","18.1600","17.7000","0.0100","0.0555","18.0200"
"600390.SH","五矿资本","2011-08-08","17.1200","16.2400","17.5800","15.8500","-1.3100","-7.4644","17.5500"
"600390.SH","五矿资本","2011-08-29","18.0000","17.7000","18.1500","17.6500","-0.3300","-1.8303","18.0300"
"600390.SH","五矿资本","2011-08-09","15.0000","16.2100","16.5000","15.0000","-0.0300","-0.1847","16.2400"
"600390.SH","五矿资本","2011-08-30","17.8300","17.7100","18.1100","17.6500","0.0100","0.0565","17.7000"
"600390.SH","五矿资本","2011-08-11","16.4100","17.7900","18.1800","16.3200","0.9100","5.3910","16.8800"
"600390.SH","五矿资本","2011-09-01","18.3200","17.8000","18.4400","17.7000","-0.4800","-2.6258","18.2800"
"600390.SH","五矿资本","2011-08-12","17.5100","18.0300","18.3900","17.5100","0.2400","1.3491","17.7900"
"600390.SH","五矿资本","2011-09-02","17.6900","17.1800","17.8000","17.0900","-0.6200","-3.4831","17.8000"
"600390.SH","五矿资本","2011-09-20","17.9600","18.7600","18.7900","17.7000","0.7900","4.3962","17.9700"
"600390.SH","五矿资本","2011-09-21","18.5800","19.0200","19.1700","18.5100","0.2600","1.3859","18.7600"
"600390.SH","五矿资本","2011-09-22","18.9500","18.2500","19.1500","18.2500","-0.7700","-4.0484","19.0200"
"600390.SH","五矿资本","2011-09-23","17.9000","18.0000","18.2500","17.6100","-0.2500","-1.3699","18.2500"
"600390.SH","五矿资本","2011-09-26","17.8000","17.8200","18.3100","17.7000","-0.1800","-1.0000","18.0000"
"600390.SH","五矿资本","2011-09-27","18.0000","17.7000","18.3200","17.5800","-0.1200","-0.6734","17.8200"
"600390.SH","五矿资本","2011-09-28","17.8900","17.0900","18.0900","17.0000","-0.6100","-3.4463","17.7000"
"600390.SH","五矿资本","2011-09-29","16.9800","16.0700","17.1000","15.4000","-1.0200","-5.9684","17.0900"
"600390.SH","五矿资本","2011-09-30","16.0700","16.0400","16.3000","15.7000","-0.0300","-0.1867","16.0700"
"600390.SH","五矿资本","2011-10-10","16.2000","16.0100","16.2800","15.9600","-0.0300","-0.1870","16.0400"
"600390.SH","五矿资本","2011-10-11","16.6000","16.1600","16.6000","16.0100","0.1500","0.9369","16.0100"
"600390.SH","五矿资本","2011-10-12","16.0300","16.7200","16.7400","15.8800","0.5600","3.4653","16.1600"
"600390.SH","五矿资本","2011-10-13","16.5700","16.8100","17.0800","16.5000","0.0900","0.5383","16.7200"
"600390.SH","五矿资本","2011-10-17","16.7800","16.8600","17.0400","16.7000","0.0800","0.4768","16.7800"
"600390.SH","五矿资本","2011-10-18","16.6300","16.6700","17.1600","16.6300","-0.1900","-1.1269","16.8600"
"600390.SH","五矿资本","2011-10-19","16.6700","16.3600","16.9000","16.2000","-0.3100","-1.8596","16.6700"
"600390.SH","五矿资本","2011-10-20","16.3600","15.8000","16.5600","15.5000","-0.5600","-3.4230","16.3600"
"600390.SH","五矿资本","2011-10-21","15.7000","15.2500","16.0000","15.2300","-0.5500","-3.4810","15.8000"
"600390.SH","五矿资本","2011-10-24","15.5300","15.6100","15.7000","14.9500","0.3600","2.3607","15.2500"
"600390.SH","五矿资本","2011-10-25","15.6900","16.0900","16.2700","15.5000","0.4800","3.0750","15.6100"
"600390.SH","五矿资本","2011-10-26","15.9300","16.0500","16.2500","15.9000","-0.0400","-0.2486","16.0900"
"600390.SH","五矿资本","2011-10-27","16.0400","16.0300","16.3400","15.9200","-0.0200","-0.1246","16.0500"
"600390.SH","五矿资本","2011-10-28","16.3000","16.4600","16.6800","16.1000","0.4300","2.6825","16.0300"
"600390.SH","五矿资本","2011-10-31","16.3900","16.3500","16.4300","16.0500","-0.1100","-0.6683","16.4600"
"600390.SH","五矿资本","2011-11-01","16.1000","16.2400","16.3700","16.0000","-0.1100","-0.6728","16.3500"
"600390.SH","五矿资本","2011-11-02","15.9800","16.3000","16.3100","15.6800","0.0600","0.3695","16.2400"
"600390.SH","五矿资本","2011-11-03","16.3200","16.5500","16.8500","16.3100","0.2500","1.5337","16.3000"
"600390.SH","五矿资本","2011-11-07","16.6800","16.5400","16.8600","16.4600","-0.2100","-1.2537","16.7500"
"600390.SH","五矿资本","2011-11-08","16.5500","16.3300","16.7000","16.2200","-0.2100","-1.2697","16.5400"
"600390.SH","五矿资本","2011-11-09","16.3900","16.5200","16.5700","16.1300","0.1900","1.1635","16.3300"
"600390.SH","五矿资本","2011-11-10","16.3700","16.0200","16.4500","16.0100","-0.5000","-3.0266","16.5200"
"600390.SH","五矿资本","2011-11-11","16.0200","16.0700","16.1800","15.9000","0.0500","0.3121","16.0200"
"600390.SH","五矿资本","2011-11-14","16.1900","16.5500","16.5600","16.1700","0.4800","2.9869","16.0700"
"600390.SH","五矿资本","2011-11-15","16.6000","16.7700","16.7900","16.4600","0.2200","1.3293","16.5500"
"600390.SH","五矿资本","2011-11-16","16.7800","16.2100","16.7900","16.0500","-0.5600","-3.3393","16.7700"
"600390.SH","五矿资本","2011-11-17","16.2600","16.0700","16.3200","15.9700","-0.1400","-0.8637","16.2100"
"600390.SH","五矿资本","2011-11-18","15.7100","15.5400","15.8800","15.5300","-0.5300","-3.2981","16.0700"
"600390.SH","五矿资本","2011-11-21","15.5400","15.5900","15.6500","15.3000","0.0500","0.3218","15.5400"
"600390.SH","五矿资本","2011-11-22","15.3500","15.4400","15.5600","15.1900","-0.1500","-0.9622","15.5900"
"600390.SH","五矿资本","2011-11-23","15.5000","15.3200","15.6600","15.3000","-0.1200","-0.7772","15.4400"
"600390.SH","五矿资本","2011-11-24","15.1100","15.0400","15.2600","14.8500","-0.2800","-1.8277","15.3200"
"600390.SH","五矿资本","2011-11-28","15.2200","15.1300","15.2800","14.9000","0.0500","0.3316","15.0800"
"600390.SH","五矿资本","2011-11-29","15.4200","15.5100","15.5600","15.2100","0.3800","2.5116","15.1300"
"600390.SH","五矿资本","2011-11-30","15.4700","14.6700","15.7800","14.5200","-0.8400","-5.4159","15.5100"
"600390.SH","五矿资本","2011-12-01","15.1900","14.9500","15.4400","14.9000","0.2800","1.9087","14.6700"
"600390.SH","五矿资本","2011-12-05","14.3000","13.6500","14.3200","13.6000","-0.6400","-4.4787","14.2900"
"600390.SH","五矿资本","2011-12-06","13.6800","13.4100","13.7800","13.1500","-0.2400","-1.7582","13.6500"
"600390.SH","五矿资本","2011-12-07","13.4800","13.3600","13.5400","13.1000","-0.0500","-0.3729","13.4100"
"600390.SH","五矿资本","2011-12-08","13.2000","13.4000","13.5600","13.1500","0.0400","0.2994","13.3600"
"600390.SH","五矿资本","2011-12-09","13.3000","13.2600","13.5300","13.2200","-0.1400","-1.0448","13.4000"
"600390.SH","五矿资本","2011-12-12","13.2700","13.0400","13.4000","13.0200","-0.2200","-1.6591","13.2600"
"600390.SH","五矿资本","2011-12-13","13.0500","12.1800","13.0500","12.1300","-0.8600","-6.5951","13.0400"
"600390.SH","五矿资本","2011-12-14","12.2100","11.9000","12.3300","11.8700","-0.2800","-2.2989","12.1800"
"600390.SH","五矿资本","2011-12-15","11.9100","11.2200","11.9500","11.2000","-0.6800","-5.7143","11.9000"
"600390.SH","五矿资本","2011-12-19","11.4800","11.4900","11.5300","10.9900","-0.0800","-0.6914","11.5700"
"600390.SH","五矿资本","2011-12-20","11.4700","12.1600","12.5800","11.4700","0.6700","5.8312","11.4900"
"600390.SH","五矿资本","2011-12-21","12.1700","11.5800","12.2900","11.5500","-0.5800","-4.7697","12.1600"
"600390.SH","五矿资本","2011-12-22","11.4800","12.4600","12.5000","10.9400","0.8800","7.5993","11.5800"
"600390.SH","五矿资本","2011-12-26","12.1600","12.2100","12.5900","12.0800","-0.0900","-0.7317","12.3000"
"600390.SH","五矿资本","2011-12-27","12.1500","11.5100","12.2800","11.4900","-0.7000","-5.7330","12.2100"
"600390.SH","五矿资本","2011-12-29","11.4700","11.6100","11.8800","11.4100","-0.0600","-0.5141","11.6700"
"600390.SH","五矿资本","2011-12-30","11.5800","11.8100","12.0900","11.5800","0.2000","1.7227","11.6100"
"600390.SH","五矿资本","2012-01-04","11.9700","11.5900","12.1600","11.5500","-0.2200","-1.8628","11.8100"
"600390.SH","五矿资本","2012-01-10","11.8000","12.5500","12.7800","11.8000","0.6400","5.3736","11.9100"
"600390.SH","五矿资本","2012-01-12","12.4600","12.8600","13.3000","12.3200","0.3400","2.7156","12.5200"
"600390.SH","五矿资本","2012-01-19","12.0900","12.2400","12.5300","11.7000","-0.0500","-0.4068","12.2900"
"600390.SH","五矿资本","2012-01-20","12.3100","12.0900","12.4200","12.0300","-0.1500","-1.2255","12.2400"
"600390.SH","五矿资本","2012-02-01","11.6300","11.5300","11.8500","11.4500","-0.1600","-1.3687","11.6900"
"600390.SH","五矿资本","2012-02-07","12.2400","13.0100","13.3500","12.1200","0.8100","6.6393","12.2000"
"600390.SH","五矿资本","2012-02-09","13.3400","13.3200","13.5700","13.2200","-0.2100","-1.5521","13.5300"
"600390.SH","五矿资本","2012-02-16","13.3100","14.3500","14.6200","13.3100","0.9300","6.9300","13.4200"
"600390.SH","五矿资本","2012-02-17","14.6000","13.9700","14.6000","13.7800","-0.3800","-2.6481","14.3500"
"600390.SH","五矿资本","2012-02-22","13.8500","14.1200","14.1500","13.7000","0.2600","1.8759","13.8600"
"600390.SH","五矿资本","2012-02-23","14.1100","13.9600","14.2600","13.8100","-0.1600","-1.1331","14.1200"
"600390.SH","五矿资本","2011-10-14","16.7300","16.7800","16.9200","16.4000","-0.0300","-0.1785","16.8100"
"600390.SH","五矿资本","2011-11-04","16.5800","16.7500","16.9900","16.5800","0.2000","1.2085","16.5500"
"600390.SH","五矿资本","2011-11-25","14.8600","15.0800","15.2500","14.8600","0.0400","0.2660","15.0400"
"600390.SH","五矿资本","2011-12-16","11.3800","11.5700","11.6000","11.1200","0.3500","3.1194","11.2200"
"600390.SH","五矿资本","2011-12-02","14.7500","14.2900","14.8500","14.2800","-0.6600","-4.4147","14.9500"
"600390.SH","五矿资本","2011-12-23","12.2000","12.3000","12.5300","12.0800","-0.1600","-1.2841","12.4600"
"600390.SH","五矿资本","2011-12-28","11.2000","11.6700","11.6800","11.1000","0.1600","1.3901","11.5100"
"600390.SH","五矿资本","2012-01-05","11.5900","11.0400","11.6200","10.9800","-0.5500","-4.7455","11.5900"
"600390.SH","五矿资本","2012-02-02","11.5500","11.8200","11.8200","11.5100","0.2900","2.5152","11.5300"
"600390.SH","五矿资本","2012-01-06","10.8500","11.2300","11.3500","10.8100","0.1900","1.7210","11.0400"
"600390.SH","五矿资本","2012-02-03","11.8200","12.1200","12.1600","11.7200","0.3000","2.5381","11.8200"
"600390.SH","五矿资本","2012-01-09","11.2300","11.9100","11.9700","11.1500","0.6800","6.0552","11.2300"
"600390.SH","五矿资本","2012-02-06","12.1700","12.2000","12.4000","12.0600","0.0800","0.6601","12.1200"
"600390.SH","五矿资本","2012-01-11","12.3500","12.5200","12.7100","12.2700","-0.0300","-0.2390","12.5500"
"600390.SH","五矿资本","2012-02-08","12.7100","13.5300","13.7000","12.5500","0.5200","3.9969","13.0100"
"600390.SH","五矿资本","2012-01-13","12.7000","12.8100","13.1100","12.3000","-0.0500","-0.3888","12.8600"
"600390.SH","五矿资本","2012-02-10","13.2900","13.2400","13.4200","13.1000","-0.0800","-0.6006","13.3200"
"600390.SH","五矿资本","2012-01-16","12.0600","11.5300","12.0700","11.5300","-1.2800","-9.9922","12.8100"
"600390.SH","五矿资本","2012-02-13","13.0100","13.2900","13.4400","12.9800","0.0500","0.3776","13.2400"
"600390.SH","五矿资本","2012-01-17","11.0900","12.5800","12.6000","10.6500","1.0500","9.1067","11.5300"
"600390.SH","五矿资本","2012-02-14","13.3500","13.2800","13.3600","13.1300","-0.0100","-0.0752","13.2900"
"600390.SH","五矿资本","2012-01-18","12.4500","12.2900","13.1700","12.1500","-0.2900","-2.3052","12.5800"
"600390.SH","五矿资本","2012-02-15","13.2500","13.4200","13.6900","13.1800","0.1400","1.0542","13.2800"
"600390.SH","五矿资本","2012-01-30","12.1000","11.8300","12.2000","11.7700","-0.2600","-2.1505","12.0900"
"600390.SH","五矿资本","2012-02-20","14.0700","13.9500","14.2200","13.6800","-0.0200","-0.1432","13.9700"
"600390.SH","五矿资本","2012-01-31","11.7400","11.6900","11.9400","11.5100","-0.1400","-1.1834","11.8300"
"600390.SH","五矿资本","2012-02-21","13.8000","13.8600","13.8700","13.3600","-0.0900","-0.6452","13.9500"
"600390.SH","五矿资本","2012-02-24","13.8800","13.9600","14.0300","13.8000","0.0000","0.0000","13.9600"
"600390.SH","五矿资本","2012-02-28","13.7500","13.4700","13.8000","13.3700","-0.3300","-2.3913","13.8000"
"600390.SH","五矿资本","2012-02-29","13.4500","13.5400","13.8300","13.4000","0.0700","0.5197","13.4700"
"600390.SH","五矿资本","2012-03-01","13.4800","13.6100","13.6700","13.3200","0.0700","0.5170","13.5400"
"600390.SH","五矿资本","2012-03-02","13.6100","13.9200","14.2000","13.6100","0.3100","2.2777","13.6100"
"600390.SH","五矿资本","2012-03-05","13.9300","13.9800","14.1400","13.8000","0.0600","0.4310","13.9200"
"600390.SH","五矿资本","2012-03-06","13.8600","14.0900","14.2800","13.8600","0.1100","0.7868","13.9800"
"600390.SH","五矿资本","2012-03-07","13.9000","13.5200","13.9000","13.5000","-0.5700","-4.0454","14.0900"
"600390.SH","五矿资本","2012-03-08","13.5200","13.6700","13.7700","13.5000","0.1500","1.1095","13.5200"
"600390.SH","五矿资本","2012-03-09","13.6700","13.8500","13.8500","13.6700","0.1800","1.3168","13.6700"
"600390.SH","五矿资本","2012-03-12","13.8500","13.8500","13.8500","13.8500","","","13.8500"
"600390.SH","五矿资本","2012-03-13","13.9400","14.0800","14.2300","13.8800","0.2300","1.6606","13.8500"
"600390.SH","五矿资本","2012-03-14","14.0800","13.7600","14.6200","13.5000","-0.3200","-2.2727","14.0800"
"600390.SH","五矿资本","2012-03-15","13.6000","13.1900","13.9700","13.0200","-0.5700","-4.1424","13.7600"
"600390.SH","五矿资本","2012-03-16","13.1900","13.1900","13.1900","13.1900","","","13.1900"
"600390.SH","五矿资本","2012-03-21","14.6000","15.2000","15.4000","14.4000","0.3600","2.4259","14.8400"
"600390.SH","五矿资本","2012-03-22","15.0200","14.7100","15.0600","14.5000","-0.4900","-3.2237","15.2000"
"600390.SH","五矿资本","2012-03-26","14.3800","14.7500","14.7600","14.2200","0.3400","2.3595","14.4100"
"600390.SH","五矿资本","2012-03-27","14.7400","14.3100","14.9700","14.2200","-0.4400","-2.9830","14.7500"
"600390.SH","五矿资本","2012-03-28","14.0400","13.2300","14.0400","13.2100","-1.0800","-7.5472","14.3100"
"600390.SH","五矿资本","2012-03-29","13.1000","12.4600","13.1700","12.3000","-0.7700","-5.8201","13.2300"
"600390.SH","五矿资本","2012-03-30","12.4700","12.4500","12.6600","12.3000","-0.0100","-0.0803","12.4600"
"600390.SH","五矿资本","2012-04-05","12.3500","12.7900","12.8400","12.2100","0.3400","2.7309","12.4500"
"600390.SH","五矿资本","2012-04-06","12.8000","12.8400","12.9400","12.6300","0.0500","0.3909","12.7900"
"600390.SH","五矿资本","2012-04-09","12.8200","12.6500","13.0200","12.6300","-0.1900","-1.4798","12.8400"
"600390.SH","五矿资本","2012-04-11","12.5500","12.7900","12.8200","12.3300","0.0200","0.1566","12.7700"
"600390.SH","五矿资本","2012-04-16","13.6200","13.8600","14.0600","13.6100","-0.0200","-0.1441","13.8800"
"600390.SH","五矿资本","2012-04-17","13.9000","13.8400","14.1600","13.7000","-0.0200","-0.1443","13.8600"
"600390.SH","五矿资本","2012-04-19","13.9500","13.9200","14.1200","13.8300","-0.2000","-1.4164","14.1200"
"600390.SH","五矿资本","2012-04-20","13.9000","14.2500","14.3500","13.8300","0.3300","2.3707","13.9200"
"600390.SH","五矿资本","2012-04-23","14.0700","13.7600","14.2900","13.7100","-0.4900","-3.4386","14.2500"
"600390.SH","五矿资本","2012-04-24","13.7200","13.2100","13.8800","12.5800","-0.5500","-3.9971","13.7600"
"600390.SH","五矿资本","2012-04-25","13.0300","13.3900","13.4800","13.0000","0.1800","1.3626","13.2100"
"600390.SH","五矿资本","2012-04-26","13.4600","14.0800","14.3700","13.3100","0.6900","5.1531","13.3900"
"600390.SH","五矿资本","2012-04-27","14.0000","14.1500","14.2700","13.8200","0.0700","0.4972","14.0800"
"600390.SH","五矿资本","2012-05-02","14.4000","14.4800","14.8900","14.0100","0.3300","2.3322","14.1500"
"600390.SH","五矿资本","2012-05-04","14.4500","14.8600","15.0600","14.2700","0.4000","2.7662","14.4600"
"600390.SH","五矿资本","2012-05-07","14.7000","14.7300","14.9000","14.6000","-0.1300","-0.8748","14.8600"
"600390.SH","五矿资本","2012-02-27","13.9300","13.8000","14.2500","13.7900","-0.1600","-1.1461","13.9600"
"600390.SH","五矿资本","2012-03-19","13.6500","14.5100","14.5100","13.3900","1.3200","10.0076","13.1900"
"600390.SH","五矿资本","2012-04-12","12.8500","14.0600","14.0700","12.6800","1.2700","9.9296","12.7900"
"600390.SH","五矿资本","2012-03-20","14.5100","14.8400","15.4900","14.3000","0.3300","2.2743","14.5100"
"600390.SH","五矿资本","2012-04-13","13.8700","13.8800","13.9800","13.6200","-0.1800","-1.2802","14.0600"
"600390.SH","五矿资本","2012-03-23","14.5700","14.4100","14.9900","14.2200","-0.3000","-2.0394","14.7100"
"600390.SH","五矿资本","2012-04-18","14.0600","14.1200","14.2000","13.7000","0.2800","2.0231","13.8400"
"600390.SH","五矿资本","2012-04-10","12.5800","12.7700","12.7900","11.9100","0.1200","0.9486","12.6500"
"600390.SH","五矿资本","2012-05-03","14.3500","14.4600","14.7600","14.2100","-0.0200","-0.1381","14.4800"
"600390.SH","五矿资本","2012-05-09","14.5000","14.0100","14.5900","14.0000","-0.6900","-4.6939","14.7000"
"600390.SH","五矿资本","2012-05-10","13.9000","14.2300","14.3200","13.9000","0.2200","1.5703","14.0100"
"600390.SH","五矿资本","2012-05-11","14.2700","14.5100","14.9100","14.0500","0.2800","1.9677","14.2300"
"600390.SH","五矿资本","2012-05-14","14.6900","14.5700","14.7900","14.2000","0.0600","0.4135","14.5100"
"600390.SH","五矿资本","2012-05-15","14.3200","15.0700","15.4600","14.0800","0.5000","3.4317","14.5700"
"600390.SH","五矿资本","2012-05-16","14.9200","14.7500","15.1400","14.7000","-0.3200","-2.1234","15.0700"
"600390.SH","五矿资本","2012-05-21","14.9500","15.3100","15.4500","14.6600","0.2700","1.7952","15.0400"
"600390.SH","五矿资本","2012-05-22","15.2200","15.6800","15.8000","15.1300","0.3700","2.4167","15.3100"
"600390.SH","五矿资本","2012-05-23","15.5900","15.4000","15.7900","15.2800","-0.2800","-1.7857","15.6800"
"600390.SH","五矿资本","2012-05-24","15.3000","15.2100","15.6600","15.1100","-0.1900","-1.2338","15.4000"
"600390.SH","五矿资本","2012-05-25","15.1700","14.7400","15.3500","14.6800","-0.4700","-3.0901","15.2100"
"600390.SH","五矿资本","2012-05-28","14.6500","14.7000","14.7400","14.0900","-0.0400","-0.2714","14.7400"
"600390.SH","五矿资本","2012-05-30","15.3900","15.1900","15.4100","15.1800","-0.1900","-1.2354","15.3800"
"600390.SH","五矿资本","2012-05-31","15.0500","15.3200","15.4500","14.9200","0.1300","0.8558","15.1900"
"600390.SH","五矿资本","2012-06-01","15.4100","15.3100","15.4800","15.1500","-0.0100","-0.0653","15.3200"
"600390.SH","五矿资本","2012-06-04","14.9000","14.3800","15.0000","14.3500","-0.9300","-6.0745","15.3100"
"600390.SH","五矿资本","2012-06-05","14.3500","14.5300","14.6400","14.3100","0.1500","1.0431","14.3800"
"600390.SH","五矿资本","2012-06-06","14.5300","14.8700","15.0700","14.5300","0.3400","2.3400","14.5300"
"600390.SH","五矿资本","2012-06-08","15.0200","14.8500","15.0700","14.6800","-0.0600","-0.4024","14.9100"
"600390.SH","五矿资本","2012-06-11","14.8500","15.2200","15.3000","14.7000","0.3700","2.4916","14.8500"
"600390.SH","五矿资本","2012-06-12","15.0600","14.9300","15.2700","14.8800","-0.2900","-1.9054","15.2200"
"600390.SH","五矿资本","2012-06-13","14.9500","15.1900","15.2100","14.7000","0.2600","1.7415","14.9300"
"600390.SH","五矿资本","2012-06-14","15.1400","15.0500","15.2300","14.9500","-0.1400","-0.9217","15.1900"
"600390.SH","五矿资本","2012-06-15","15.1300","14.9700","15.2200","14.5800","-0.0800","-0.5316","15.0500"
"600390.SH","五矿资本","2012-06-18","14.9900","15.0000","15.0700","14.7400","0.0300","0.2004","14.9700"
"600390.SH","五矿资本","2012-06-20","14.8000","14.5800","14.8800","14.5100","-0.2000","-1.3532","14.7800"
"600390.SH","五矿资本","2012-06-21","14.5200","14.3600","14.7700","14.2000","-0.2200","-1.5089","14.5800"
"600390.SH","五矿资本","2012-06-25","14.2600","13.8600","14.3500","13.7200","-0.5000","-3.4819","14.3600"
"600390.SH","五矿资本","2012-06-26","13.7100","13.6800","13.8900","13.4000","-0.1800","-1.2987","13.8600"
"600390.SH","五矿资本","2012-06-27","13.7500","13.5600","13.7700","13.4700","-0.1200","-0.8772","13.6800"
"600390.SH","五矿资本","2012-06-28","13.6600","13.4300","13.7600","13.3000","-0.1300","-0.9587","13.5600"
"600390.SH","五矿资本","2012-07-02","13.7000","13.7000","13.7000","13.7000","","","13.7000"
"600390.SH","五矿资本","2012-07-03","14.9000","14.0300","14.9000","14.0000","0.3300","2.4088","13.7000"
"600390.SH","五矿资本","2012-07-04","13.8200","13.9400","14.1500","13.8000","-0.0900","-0.6415","14.0300"
"600390.SH","五矿资本","2012-07-05","13.7200","13.4500","13.8000","13.3200","-0.4900","-3.5151","13.9400"
"600390.SH","五矿资本","2012-07-06","13.4000","13.8200","13.8300","13.2800","0.3700","2.7509","13.4500"
"600390.SH","五矿资本","2012-07-09","13.8200","13.4100","13.8600","13.4000","-0.4100","-2.9667","13.8200"
"600390.SH","五矿资本","2012-07-10","13.3800","13.4300","13.5300","13.1400","0.0200","0.1491","13.4100"
"600390.SH","五矿资本","2012-07-11","13.5000","13.4400","13.5000","13.1900","0.0100","0.0745","13.4300"
"600390.SH","五矿资本","2012-05-08","14.7000","14.7000","14.8700","14.3300","-0.0300","-0.2037","14.7300"
"600390.SH","五矿资本","2012-05-29","14.7000","15.3800","15.5000","14.5500","0.6800","4.6259","14.7000"
"600390.SH","五矿资本","2012-06-19","14.9000","14.7800","14.9800","14.6600","-0.2200","-1.4667","15.0000"
"600390.SH","五矿资本","2012-05-17","14.7000","15.2700","15.3000","14.5200","0.5200","3.5254","14.7500"
"600390.SH","五矿资本","2012-06-07","15.0000","14.9100","15.0900","14.7500","0.0400","0.2690","14.8700"
"600390.SH","五矿资本","2012-06-29","13.2000","13.7000","13.7300","13.0800","0.2700","2.0104","13.4300"
"600390.SH","五矿资本","2012-05-18","15.1500","15.0400","15.4700","14.8100","-0.2300","-1.5062","15.2700"
"600390.SH","五矿资本","2012-07-12","13.4500","13.8000","14.0100","13.2300","0.3600","2.6786","13.4400"
"600390.SH","五矿资本","2012-07-13","13.7700","13.7900","14.1000","13.6100","-0.0100","-0.0725","13.8000"
"600390.SH","五矿资本","2012-07-16","13.8000","14.0000","14.1400","13.7200","0.2100","1.5228","13.7900"
"600390.SH","五矿资本","2012-07-17","14.0000","14.2300","14.3000","13.7400","0.2300","1.6429","14.0000"
"600390.SH","五矿资本","2012-07-19","14.0800","14.0600","14.3700","14.0000","-0.1400","-0.9859","14.2000"
"600390.SH","五矿资本","2012-07-20","14.0000","13.6500","14.1700","13.4000","-0.4100","-2.9161","14.0600"
"600390.SH","五矿资本","2012-07-23","13.4200","13.5400","13.7600","13.3000","-0.1100","-0.8059","13.6500"
"600390.SH","五矿资本","2012-07-24","13.3000","13.3500","13.5900","13.1900","-0.1900","-1.4032","13.5400"
"600390.SH","五矿资本","2012-07-25","13.3400","13.3400","13.4700","13.2500","-0.0100","-0.0749","13.3500"
"600390.SH","五矿资本","2012-07-26","13.4800","13.3500","13.5000","13.3100","0.0100","0.0750","13.3400"
"600390.SH","五矿资本","2012-07-27","13.4000","13.3400","13.4300","13.2100","-0.0100","-0.0749","13.3500"
"600390.SH","五矿资本","2012-07-30","13.3200","12.7800","13.4400","12.7500","-0.5600","-4.1979","13.3400"
"600390.SH","五矿资本","2012-07-31","12.6900","12.3700","12.8500","12.0800","-0.4100","-3.2081","12.7800"
"600390.SH","五矿资本","2012-08-01","12.3000","12.5000","12.6300","12.3000","0.1300","1.0509","12.3700"
"600390.SH","五矿资本","2012-08-02","12.4800","12.1200","12.4800","12.0000","-0.3800","-3.0400","12.5000"
"600390.SH","五矿资本","2012-08-03","12.1200","12.3700","12.3900","12.1200","0.2500","2.0627","12.1200"
"600390.SH","五矿资本","2012-08-06","12.1800","12.8800","12.9900","12.1800","0.5100","4.1229","12.3700"
"600390.SH","五矿资本","2012-08-07","12.8800","12.9800","13.2000","12.8400","0.1000","0.7764","12.8800"
"600390.SH","五矿资本","2012-08-09","13.3000","13.3800","13.5500","13.0300","0.0500","0.3751","13.3300"
"600390.SH","五矿资本","2012-08-10","13.3600","13.2200","13.4000","13.0900","-0.1600","-1.1958","13.3800"
"600390.SH","五矿资本","2012-08-13","13.1700","13.0100","13.4500","13.0000","-0.2100","-1.5885","13.2200"
"600390.SH","五矿资本","2012-08-14","13.0200","13.2500","13.3200","12.8700","0.2400","1.8447","13.0100"
"600390.SH","五矿资本","2012-08-15","13.2500","13.2800","13.3300","13.0700","0.0300","0.2264","13.2500"
"600390.SH","五矿资本","2012-08-16","13.1800","13.3500","13.3900","13.1800","0.0700","0.5271","13.2800"
"600390.SH","五矿资本","2012-08-17","13.5000","13.5700","13.8500","12.9800","0.2200","1.6479","13.3500"
"600390.SH","五矿资本","2012-08-20","13.2100","13.5300","13.5700","13.2100","-0.0400","-0.2948","13.5700"
"600390.SH","五矿资本","2012-08-22","13.6000","13.4500","13.6000","13.3100","-0.0900","-0.6647","13.5400"
"600390.SH","五矿资本","2012-08-23","13.4400","13.5400","13.6600","13.4100","0.0900","0.6691","13.4500"
"600390.SH","五矿资本","2012-08-24","13.4500","13.1800","13.4500","12.8000","-0.3600","-2.6588","13.5400"
"600390.SH","五矿资本","2012-08-27","12.5200","12.3800","12.7000","12.3200","-0.8000","-6.0698","13.1800"
"600390.SH","五矿资本","2012-08-28","12.3800","12.3100","12.4800","12.1000","-0.0700","-0.5654","12.3800"
"600390.SH","五矿资本","2012-08-30","12.1500","12.1000","12.3500","11.9000","-0.1600","-1.3051","12.2600"
"600390.SH","五矿资本","2012-08-31","12.1000","11.9700","12.1000","11.8000","-0.1300","-1.0744","12.1000"
"600390.SH","五矿资本","2012-09-03","11.9700","12.0800","12.2000","11.8100","0.1100","0.9190","11.9700"
"600390.SH","五矿资本","2012-09-04","12.1700","12.0300","12.3800","12.0300","-0.0500","-0.4139","12.0800"
"600390.SH","五矿资本","2012-09-05","11.8600","12.0000","12.1800","11.8100","-0.0300","-0.2494","12.0300"
"600390.SH","五矿资本","2012-09-06","12.0000","12.1800","12.2000","11.9800","0.1800","1.5000","12.0000"
"600390.SH","五矿资本","2012-09-07","12.3000","12.4800","12.8000","12.1800","0.3000","2.4630","12.1800"
"600390.SH","五矿资本","2012-09-10","12.6000","12.6500","12.8700","12.3800","0.1700","1.3622","12.4800"
"600390.SH","五矿资本","2012-09-12","12.5100","12.5900","12.8000","12.4500","0.2100","1.6963","12.3800"
"600390.SH","五矿资本","2012-09-13","12.6000","12.4100","12.6200","12.4100","-0.1800","-1.4297","12.5900"
"600390.SH","五矿资本","2012-09-14","12.6600","12.4400","13.0000","12.4000","0.0300","0.2417","12.4100"
"600390.SH","五矿资本","2012-09-17","12.4400","11.8100","12.4500","11.7200","-0.6300","-5.0643","12.4400"
"600390.SH","五矿资本","2012-09-18","11.8500","11.6800","11.8500","11.6300","-0.1300","-1.1008","11.8100"
"600390.SH","五矿资本","2012-09-19","11.7500","11.9200","11.9600","11.6800","0.2400","2.0548","11.6800"
"600390.SH","五矿资本","2012-07-18","14.2300","14.2000","14.2500","13.9300","-0.0300","-0.2108","14.2300"
"600390.SH","五矿资本","2012-08-08","13.1000","13.3300","13.6600","13.0000","0.3500","2.6965","12.9800"
"600390.SH","五矿资本","2012-08-29","12.2400","12.2600","12.3100","12.1300","-0.0500","-0.4062","12.3100"
"600390.SH","五矿资本","2012-08-21","13.4200","13.5400","13.5500","13.4000","0.0100","0.0739","13.5300"
"600390.SH","五矿资本","2012-09-11","12.6000","12.3800","12.6200","12.3600","-0.2700","-2.1344","12.6500"
"600390.SH","五矿资本","2012-09-20","11.8200","11.3100","11.8200","11.2500","-0.6100","-5.1174","11.9200"
"600390.SH","五矿资本","2012-09-21","11.2900","11.2900","11.5300","11.2100","-0.0200","-0.1768","11.3100"
"600390.SH","五矿资本","2012-09-24","11.2900","11.3500","11.4500","11.0800","0.0600","0.5314","11.2900"
"600390.SH","五矿资本","2012-09-25","11.3200","11.1200","11.3700","11.1000","-0.2300","-2.0264","11.3500"
"600390.SH","五矿资本","2012-09-26","11.0800","10.6900","11.2000","10.6800","-0.4300","-3.8669","11.1200"
"600390.SH","五矿资本","2012-09-27","10.7700","10.9500","11.0400","10.5000","0.2600","2.4322","10.6900"
"600390.SH","五矿资本","2012-09-28","10.8800","11.0800","11.1200","10.8000","0.1300","1.1872","10.9500"
"600390.SH","五矿资本","2012-10-08","11.0800","11.0200","11.1200","10.9500","-0.0600","-0.5415","11.0800"
"600390.SH","五矿资本","2012-10-09","11.0400","11.3300","11.3600","11.0400","0.3100","2.8131","11.0200"
"600390.SH","五矿资本","2012-10-10","11.3900","11.4100","11.4500","11.2000","0.0800","0.7061","11.3300"
"600390.SH","五矿资本","2012-10-11","11.3900","11.2000","11.3900","11.1900","-0.2100","-1.8405","11.4100"
"600390.SH","五矿资本","2012-10-12","11.2800","10.9900","11.2800","10.8000","-0.2100","-1.8750","11.2000"
"600390.SH","五矿资本","2012-10-15","10.8200","10.9600","10.9800","10.8000","-0.0300","-0.2730","10.9900"
"600390.SH","五矿资本","2012-10-16","10.9900","10.9500","11.0700","10.8200","-0.0100","-0.0912","10.9600"
"600390.SH","五矿资本","2012-10-17","10.8200","10.9500","10.9900","10.8000","0.0000","0.0000","10.9500"
"600390.SH","五矿资本","2012-10-18","10.9500","11.1200","11.1900","10.9500","0.1700","1.5525","10.9500"
"600390.SH","五矿资本","2012-10-19","11.1500","11.2700","11.5500","11.1500","0.1500","1.3489","11.1200"
"600390.SH","五矿资本","2012-10-22","11.1500","11.1800","11.2100","10.9700","-0.0900","-0.7986","11.2700"
"600390.SH","五矿资本","2012-10-23","11.5200","11.5500","12.3000","11.5000","0.3700","3.3095","11.1800"
"600390.SH","五矿资本","2012-10-25","11.0200","11.2400","11.3700","11.0200","0.1200","1.0791","11.1200"
"600390.SH","五矿资本","2012-10-26","11.2400","10.7500","11.2400","10.7000","-0.4900","-4.3594","11.2400"
"600390.SH","五矿资本","2012-10-29","10.6300","10.7500","10.8400","10.5800","0.0000","0.0000","10.7500"
"600390.SH","五矿资本","2012-10-30","10.6300","10.7500","10.9000","10.6200","0.0000","0.0000","10.7500"
"600390.SH","五矿资本","2012-10-31","10.7100","10.7800","10.8000","10.6600","0.0300","0.2791","10.7500"
"600390.SH","五矿资本","2012-11-01","10.7200","10.9900","11.0300","10.7200","0.2100","1.9481","10.7800"
"600390.SH","五矿资本","2012-11-02","10.9800","11.1900","11.2600","10.9000","0.2000","1.8198","10.9900"
"600390.SH","五矿资本","2012-11-05","11.0800","11.0500","11.1900","10.9200","-0.1400","-1.2511","11.1900"
"600390.SH","五矿资本","2012-11-06","11.0000","10.8300","11.0500","10.6100","-0.2200","-1.9910","11.0500"
"600390.SH","五矿资本","2012-11-07","10.8900","11.0200","11.2000","10.7500","0.1900","1.7544","10.8300"
"600390.SH","五矿资本","2012-11-08","10.9500","10.6100","10.9500","10.6100","-0.4100","-3.7205","11.0200"
"600390.SH","五矿资本","2012-11-09","10.6000","10.5200","10.6900","10.4700","-0.0900","-0.8482","10.6100"
"600390.SH","五矿资本","2012-11-12","10.5000","10.6200","10.6500","10.4800","0.1000","0.9506","10.5200"
"600390.SH","五矿资本","2012-11-13","10.6500","10.6500","10.6600","10.5100","0.0300","0.2825","10.6200"
"600390.SH","五矿资本","2012-11-15","10.6000","10.3100","10.6500","10.3000","-0.4500","-4.1822","10.7600"
"600390.SH","五矿资本","2012-11-16","10.3500","10.3500","10.5600","10.1700","0.0400","0.3880","10.3100"
"600390.SH","五矿资本","2012-11-19","10.2000","10.2700","10.3100","10.0200","-0.0800","-0.7729","10.3500"
"600390.SH","五矿资本","2012-11-20","10.3100","10.1700","10.4200","10.1500","-0.1000","-0.9737","10.2700"
"600390.SH","五矿资本","2012-11-21","10.2600","10.5900","10.6000","10.0500","0.4200","4.1298","10.1700"
"600390.SH","五矿资本","2012-11-22","10.5000","10.4900","10.8500","10.4100","-0.1000","-0.9443","10.5900"
"600390.SH","五矿资本","2012-11-23","10.4200","10.4500","10.5900","10.4000","-0.0400","-0.3813","10.4900"
"600390.SH","五矿资本","2012-11-26","10.4400","10.2700","10.4400","10.2700","-0.1800","-1.7225","10.4500"
"600390.SH","五矿资本","2012-11-27","10.2000","9.7300","10.2000","9.7200","-0.5400","-5.2580","10.2700"
"600390.SH","五矿资本","2012-11-28","9.6400","9.3700","9.6800","9.3300","-0.3600","-3.6999","9.7300"
"600390.SH","五矿资本","2012-11-29","9.3700","9.2100","9.4700","9.1300","-0.1600","-1.7076","9.3700"
"600390.SH","五矿资本","2012-11-30","9.2100","9.2900","9.3800","9.1500","0.0800","0.8686","9.2100"
"600390.SH","五矿资本","2012-12-03","9.4400","9.0000","9.6200","9.0000","-0.2900","-3.1216","9.2900"
"600390.SH","五矿资本","2012-12-04","8.7000","9.0200","9.1400","8.6800","0.0200","0.2222","9.0000"
"600390.SH","五矿资本","2012-12-06","9.3500","9.4900","9.5200","9.3300","0.0900","0.9574","9.4000"
"600390.SH","五矿资本","2012-12-07","9.4000","9.6800","9.7500","9.4000","0.1900","2.0021","9.4900"
"600390.SH","五矿资本","2012-12-10","9.7000","9.8400","9.8900","9.6100","0.1600","1.6529","9.6800"
"600390.SH","五矿资本","2012-12-11","9.8400","9.7300","9.9400","9.6300","-0.1100","-1.1179","9.8400"
"600390.SH","五矿资本","2012-12-12","9.7000","9.7200","9.7800","9.6000","-0.0100","-0.1028","9.7300"
"600390.SH","五矿资本","2012-12-13","9.7200","9.6200","9.7400","9.4800","-0.1000","-1.0288","9.7200"
"600390.SH","五矿资本","2012-12-14","9.4500","10.0100","10.0900","9.4500","0.3900","4.0541","9.6200"
"600390.SH","五矿资本","2012-12-17","10.0000","10.2400","10.3900","10.0000","0.2300","2.2977","10.0100"
"600390.SH","五矿资本","2012-12-18","10.1900","10.4000","10.6900","10.1200","0.1600","1.5625","10.2400"
"600390.SH","五矿资本","2012-12-19","10.6000","10.2400","10.6000","10.1000","-0.1600","-1.5385","10.4000"
"600390.SH","五矿资本","2012-12-20","10.1100","10.3600","10.3800","10.0800","0.1200","1.1719","10.2400"
"600390.SH","五矿资本","2012-12-21","10.3400","10.2800","10.6000","10.1500","-0.0800","-0.7722","10.3600"
"600390.SH","五矿资本","2012-12-24","10.2000","10.2000","10.3700","10.1100","-0.0800","-0.7782","10.2800"
"600390.SH","五矿资本","2012-12-25","10.2000","10.5200","10.6800","10.1600","0.3200","3.1373","10.2000"
"600390.SH","五矿资本","2012-12-26","10.6200","10.6600","10.6700","10.4500","0.1400","1.3308","10.5200"
"600390.SH","五矿资本","2012-10-24","11.3200","11.1200","11.4100","11.0800","-0.4300","-3.7229","11.5500"
"600390.SH","五矿资本","2012-11-14","10.6500","10.7600","10.8400","10.3000","0.1100","1.0329","10.6500"
"600390.SH","五矿资本","2012-12-05","9.0400","9.4000","9.4700","8.9400","0.3800","4.2129","9.0200"
"600390.SH","五矿资本","2012-12-27","10.6300","10.4600","10.7700","10.4600","-0.2000","-1.8762","10.6600"
"600390.SH","五矿资本","2012-12-28","10.5500","10.5700","10.6700","10.4600","0.1100","1.0516","10.4600"
"600390.SH","五矿资本","2012-12-31","10.6000","10.6400","10.7800","10.5200","0.0700","0.6623","10.5700"
"600390.SH","五矿资本","2013-01-04","10.7500","10.5900","10.8400","10.5600","-0.0500","-0.4699","10.6400"
"600390.SH","五矿资本","2013-01-07","10.5200","10.7100","10.7300","10.4900","0.1200","1.1331","10.5900"
"600390.SH","五矿资本","2013-01-09","10.9000","10.9600","11.1800","10.8500","0.0000","0.0000","10.9600"
"600390.SH","五矿资本","2013-01-11","10.9800","10.6200","11.0500","10.5800","-0.3600","-3.2787","10.9800"
"600390.SH","五矿资本","2013-01-17","11.5800","11.7800","11.8800","11.3100","0.2800","2.4348","11.5000"
"600390.SH","五矿资本","2013-01-21","11.7300","11.7400","11.9000","11.5100","-0.1100","-0.9283","11.8500"
"600390.SH","五矿资本","2013-01-22","11.7500","11.7000","11.8500","11.4800","-0.0400","-0.3407","11.7400"
"600390.SH","五矿资本","2013-01-25","12.2000","12.3600","12.5200","12.0500","0.1900","1.5612","12.1700"
"600390.SH","五矿资本","2013-01-28","12.3400","12.6900","12.8000","12.2300","0.3300","2.6699","12.3600"
"600390.SH","五矿资本","2013-01-30","13.3000","12.7900","13.4800","12.6200","-0.5000","-3.7622","13.2900"
"600390.SH","五矿资本","2013-02-01","12.5000","12.5700","12.7200","12.4500","-0.0100","-0.0795","12.5800"
"600390.SH","五矿资本","2013-02-07","12.7700","12.7400","12.9600","12.6400","0.0300","0.2360","12.7100"
"600390.SH","五矿资本","2013-02-18","12.7700","12.5800","12.8000","12.5000","-0.1500","-1.1783","12.7300"
"600390.SH","五矿资本","2013-02-19","12.6200","12.7400","12.7500","12.5000","0.1600","1.2719","12.5800"
"600390.SH","五矿资本","2013-02-22","12.1600","11.8900","12.2400","11.8600","-0.2700","-2.2204","12.1600"
"600390.SH","五矿资本","2013-02-25","11.6500","11.6900","11.8600","11.5500","-0.2000","-1.6821","11.8900"
"600390.SH","五矿资本","2013-02-27","11.5300","11.4500","11.6700","11.3800","-0.0800","-0.6938","11.5300"
"600390.SH","五矿资本","2013-02-28","11.5000","11.6800","11.6900","11.3200","0.2300","2.0087","11.4500"
"600390.SH","五矿资本","2013-01-08","10.6900","10.9600","11.0500","10.6300","0.2500","2.3343","10.7100"
"600390.SH","五矿资本","2013-01-29","12.6800","13.2900","13.3000","12.5100","0.6000","4.7281","12.6900"
"600390.SH","五矿资本","2013-02-26","11.7100","11.5300","11.7500","11.4100","-0.1600","-1.3687","11.6900"
"600390.SH","五矿资本","2013-01-10","10.9900","10.9800","11.1400","10.8700","0.0200","0.1825","10.9600"
"600390.SH","五矿资本","2013-01-31","12.5700","12.5800","13.0900","12.3000","-0.2100","-1.6419","12.7900"
"600390.SH","五矿资本","2013-01-14","10.7000","10.9900","11.0400","10.5600","0.3700","3.4840","10.6200"
"600390.SH","五矿资本","2013-02-04","12.6000","12.8600","12.9500","12.3000","0.2900","2.3071","12.5700"
"600390.SH","五矿资本","2013-01-15","10.9600","11.4400","11.6500","10.9600","0.4500","4.0946","10.9900"
"600390.SH","五矿资本","2013-02-05","12.7500","12.7100","12.7900","12.5300","-0.1500","-1.1664","12.8600"
"600390.SH","五矿资本","2013-01-16","11.5500","11.5000","11.8900","11.4200","0.0600","0.5245","11.4400"
"600390.SH","五矿资本","2013-02-06","12.7800","12.7100","12.8200","12.6000","0.0000","0.0000","12.7100"
"600390.SH","五矿资本","2013-01-18","12.1800","11.8500","12.3800","11.7000","0.0700","0.5942","11.7800"
"600390.SH","五矿资本","2013-02-08","12.7800","12.7300","12.7800","12.4800","-0.0100","-0.0785","12.7400"
"600390.SH","五矿资本","2013-01-23","11.5500","11.9000","11.9500","11.3200","0.2000","1.7094","11.7000"
"600390.SH","五矿资本","2013-02-20","12.6400","12.7300","12.8300","12.6400","-0.0100","-0.0785","12.7400"
"600390.SH","五矿资本","2013-01-24","11.8800","12.1700","12.5500","11.7600","0.2700","2.2689","11.9000"
"600390.SH","五矿资本","2013-02-21","12.7300","12.1600","12.7300","12.1300","-0.5700","-4.4776","12.7300"
"600390.SH","五矿资本","2013-03-01","11.6100","11.7800","11.8000","11.5600","0.1000","0.8562","11.6800"
"600390.SH","五矿资本","2013-03-04","11.7500","11.1800","11.7500","11.1100","-0.6000","-5.0934","11.7800"
"600390.SH","五矿资本","2013-03-05","11.1800","11.4100","11.5300","11.1800","0.2300","2.0572","11.1800"
"600390.SH","五矿资本","2013-03-06","11.4100","11.6500","11.8000","11.4100","0.2400","2.1034","11.4100"
"600390.SH","五矿资本","2013-03-07","11.6500","11.8200","12.0000","11.6500","0.1700","1.4592","11.6500"
"600390.SH","五矿资本","2013-03-08","11.7500","11.4900","11.9000","11.4900","-0.3300","-2.7919","11.8200"
"600390.SH","五矿资本","2013-03-11","11.4600","11.6200","11.6300","11.3900","0.1300","1.1314","11.4900"
"600390.SH","五矿资本","2013-03-12","11.7100","11.3600","11.7200","11.1500","-0.2600","-2.2375","11.6200"
"600390.SH","五矿资本","2013-03-13","11.3100","11.3300","11.3800","11.1600","-0.0300","-0.2641","11.3600"
"600390.SH","五矿资本","2013-03-14","11.3100","11.1800","11.4000","11.1000","-0.1500","-1.3239","11.3300"
"600390.SH","五矿资本","2013-03-15","11.1800","11.2700","11.3900","11.1400","0.0900","0.8050","11.1800"
"600390.SH","五矿资本","2013-03-18","11.2800","11.3700","11.3900","11.0100","0.1000","0.8873","11.2700"
"600390.SH","五矿资本","2013-03-20","12.0100","12.5600","12.5700","11.8500","0.4200","3.4596","12.1400"
"600390.SH","五矿资本","2013-03-21","12.4600","12.4400","12.4600","12.2800","-0.1200","-0.9554","12.5600"
"600390.SH","五矿资本","2013-03-22","12.4400","12.3900","12.4800","12.2000","-0.0500","-0.4019","12.4400"
"600390.SH","五矿资本","2013-03-25","12.6700","12.1500","12.8800","12.0400","-0.2400","-1.9371","12.3900"
"600390.SH","五矿资本","2013-03-26","11.9900","11.9000","12.0800","11.8100","-0.2500","-2.0576","12.1500"
"600390.SH","五矿资本","2013-03-27","11.8300","11.7800","12.0000","11.7000","-0.1200","-1.0084","11.9000"
"600390.SH","五矿资本","2013-03-28","11.8200","12.2100","12.3800","11.7100","0.4300","3.6503","11.7800"
"600390.SH","五矿资本","2013-03-29","12.1000","11.8600","12.1500","11.7500","-0.3500","-2.8665","12.2100"
"600390.SH","五矿资本","2013-04-01","11.8300","11.4200","11.8300","11.3000","-0.4400","-3.7099","11.8600"
"600390.SH","五矿资本","2013-04-02","11.4200","11.4100","11.5700","11.3300","-0.0100","-0.0876","11.4200"
"600390.SH","五矿资本","2013-04-03","11.5000","11.4200","11.5000","11.3000","0.0100","0.0876","11.4100"
"600390.SH","五矿资本","2013-04-08","11.2200","11.4400","11.5100","11.1800","0.0200","0.1751","11.4200"
"600390.SH","五矿资本","2013-04-09","11.4200","11.5100","11.6700","11.4200","0.0700","0.6119","11.4400"
"600390.SH","五矿资本","2013-04-10","11.4400","11.4600","11.6900","11.4400","-0.0500","-0.4344","11.5100"
"600390.SH","五矿资本","2013-04-12","11.2800","11.2300","11.3400","11.2000","-0.0500","-0.4433","11.2800"
"600390.SH","五矿资本","2013-04-15","11.2000","10.6700","11.2000","10.5000","-0.5600","-4.9866","11.2300"
"600390.SH","五矿资本","2013-04-16","10.6000","10.6600","10.6900","10.2500","-0.0100","-0.0937","10.6700"
"600390.SH","五矿资本","2013-04-17","10.6400","11.0100","11.0500","10.5300","0.3500","3.2833","10.6600"
"600390.SH","五矿资本","2013-04-18","10.8800","11.4200","11.5000","10.8500","0.4100","3.7239","11.0100"
"600390.SH","五矿资本","2013-04-19","11.3000","11.5700","11.6500","11.3000","0.1500","1.3135","11.4200"
"600390.SH","五矿资本","2013-04-22","11.5200","12.0200","12.0300","11.5200","0.4500","3.8894","11.5700"
"600390.SH","五矿资本","2013-04-23","12.0100","11.3900","12.0100","11.3100","-0.6300","-5.2413","12.0200"
"600390.SH","五矿资本","2013-04-24","11.5500","11.8700","11.9500","11.4300","0.4800","4.2142","11.3900"
"600390.SH","五矿资本","2013-04-25","11.8800","11.7900","12.0800","11.7500","-0.0800","-0.6740","11.8700"
"600390.SH","五矿资本","2013-04-26","11.8600","11.7800","11.9900","11.6600","-0.0100","-0.0848","11.7900"
"600390.SH","五矿资本","2013-05-02","11.6200","11.6000","11.7300","11.4600","-0.1800","-1.5280","11.7800"
"600390.SH","五矿资本","2013-05-03","11.6000","11.9700","12.1100","11.6000","0.3700","3.1897","11.6000"
"600390.SH","五矿资本","2013-05-06","12.0300","13.1500","13.1700","12.0100","1.1800","9.8580","11.9700"
"600390.SH","五矿资本","2013-05-08","15.9200","15.9200","15.9200","15.9200","1.4500","10.0207","14.4700"
"600390.SH","五矿资本","2013-05-09","17.3300","17.5100","17.5100","17.0300","1.5900","9.9874","15.9200"
"600390.SH","五矿资本","2013-05-10","18.7000","19.2600","19.2600","18.6000","1.7500","9.9943","17.5100"
"600390.SH","五矿资本","2013-05-13","20.3900","20.6400","21.1900","19.9400","1.3800","7.1651","19.2600"
"600390.SH","五矿资本","2013-05-14","20.7500","20.5200","21.4500","20.1200","-0.1200","-0.5814","20.6400"
"600390.SH","五矿资本","2013-05-15","19.9000","19.5600","19.9000","18.7200","-0.9600","-4.6784","20.5200"
"600390.SH","五矿资本","2013-05-16","19.4000","19.7200","20.0000","19.1200","0.1600","0.8180","19.5600"
"600390.SH","五矿资本","2013-05-17","19.5700","19.7100","20.0000","19.0100","-0.0100","-0.0507","19.7200"
"600390.SH","五矿资本","2013-05-20","19.6800","19.9900","20.1800","19.4100","0.2800","1.4206","19.7100"
"600390.SH","五矿资本","2013-05-21","19.6800","20.2800","20.6200","19.5000","0.2900","1.4507","19.9900"
"600390.SH","五矿资本","2013-05-22","20.1500","19.4600","20.4200","19.0100","-0.8200","-4.0434","20.2800"
"600390.SH","五矿资本","2013-05-23","19.3000","19.5300","20.1500","19.2700","0.0700","0.3597","19.4600"
"600390.SH","五矿资本","2013-05-24","19.8800","19.9900","20.8600","19.6500","0.4600","2.3553","19.5300"
"600390.SH","五矿资本","2013-05-27","19.8000","20.7200","21.6800","19.7000","0.7300","3.6518","19.9900"
"600390.SH","五矿资本","2013-05-28","20.2000","19.9600","20.4300","19.7300","-0.7600","-3.6680","20.7200"
"600390.SH","五矿资本","2013-03-19","11.4800","12.1400","12.1900","11.4000","0.7700","6.7722","11.3700"
"600390.SH","五矿资本","2013-04-11","11.4800","11.2800","11.6000","11.2600","-0.1800","-1.5707","11.4600"
"600390.SH","五矿资本","2013-05-07","14.4700","14.4700","14.4700","14.4700","1.3200","10.0380","13.1500"
"600390.SH","五矿资本","2013-05-29","20.6000","21.9600","21.9600","20.1600","2.0000","10.0200","19.9600"
"600390.SH","五矿资本","2013-05-30","21.0000","21.5200","22.7000","20.6000","-0.4400","-2.0036","21.9600"
"600390.SH","五矿资本","2013-05-31","21.4200","20.5300","21.6900","20.5000","-0.9900","-4.6004","21.5200"
"600390.SH","五矿资本","2013-06-03","20.0000","20.0200","20.4900","19.7300","-0.5100","-2.4842","20.5300"
"600390.SH","五矿资本","2013-06-04","19.8100","18.4700","20.2500","18.3000","-1.5500","-7.7423","20.0200"
"600390.SH","五矿资本","2013-06-05","18.4100","18.6400","19.0000","18.1100","0.1700","0.9204","18.4700"
"600390.SH","五矿资本","2013-06-06","18.3900","18.5700","18.9000","18.1200","-0.0700","-0.3755","18.6400"
"600390.SH","五矿资本","2013-06-07","18.6000","17.7600","18.6500","17.5200","-0.8100","-4.3619","18.5700"
"600390.SH","五矿资本","2013-06-13","17.7700","18.0700","18.1900","16.8100","0.3100","1.7455","17.7600"
"600390.SH","五矿资本","2013-06-14","17.8600","18.4100","18.7700","17.8000","0.3400","1.8816","18.0700"
"600390.SH","五矿资本","2013-06-17","18.3000","18.5100","18.7700","18.0000","0.1000","0.5432","18.4100"
"600390.SH","五矿资本","2013-06-18","18.6800","18.9000","19.1600","18.4500","0.3900","2.1070","18.5100"
"600390.SH","五矿资本","2013-06-19","19.2000","20.5000","20.7900","19.2000","1.6000","8.4656","18.9000"
"600390.SH","五矿资本","2013-06-20","20.0300","18.4700","20.1700","18.4500","-2.0300","-9.9024","20.5000"
"600390.SH","五矿资本","2013-06-21","17.8100","17.6800","18.0300","16.7400","-0.7900","-4.2772","18.4700"
"600390.SH","五矿资本","2013-06-24","17.7000","15.9100","17.7000","15.9100","-1.7700","-10.0113","17.6800"
"600390.SH","五矿资本","2013-06-25","15.6000","16.2900","16.4300","14.7800","0.3800","2.3884","15.9100"
"600390.SH","五矿资本","2013-06-26","16.1500","17.0600","17.1400","16.1000","0.7700","4.7268","16.2900"
"600390.SH","五矿资本","2013-06-27","17.0500","15.8900","17.1900","15.8300","-1.1700","-6.8581","17.0600"
"600390.SH","五矿资本","2013-06-28","15.5300","16.3300","16.6800","15.4300","0.4400","2.7690","15.8900"
"600390.SH","五矿资本","2013-07-01","16.1000","16.8200","16.9400","15.8600","0.4900","3.0006","16.3300"
"600390.SH","五矿资本","2013-07-02","17.3000","17.6400","17.9000","17.2500","0.8200","4.8751","16.8200"
"600390.SH","五矿资本","2013-07-03","17.9000","17.5000","18.0300","16.8400","-0.1400","-0.7936","17.6400"
"600390.SH","五矿资本","2013-07-04","17.3100","18.9600","19.2500","16.9200","1.4600","8.3429","17.5000"
"600390.SH","五矿资本","2013-07-05","19.0100","18.6500","19.4800","18.3500","-0.3100","-1.6350","18.9600"
"600390.SH","五矿资本","2013-07-08","18.2900","17.2000","18.2900","16.8300","-1.4500","-7.7748","18.6500"
"600390.SH","五矿资本","2013-07-09","8.7300","8.9600","9.4600","8.7000","0.3600","4.1860","8.6000"
"600390.SH","五矿资本","2013-07-10","8.7000","9.8600","9.8600","8.5100","0.9000","10.0446","8.9600"
"600390.SH","五矿资本","2013-07-11","9.8600","10.0200","10.5600","9.7400","0.1600","1.6227","9.8600"
"600390.SH","五矿资本","2013-07-12","10.0700","10.2600","10.4700","9.8300","0.2400","2.3952","10.0200"
"600390.SH","五矿资本","2013-07-15","10.1400","10.4300","10.5700","10.0000","0.1700","1.6569","10.2600"
"600390.SH","五矿资本","2013-07-16","10.3000","10.2500","10.4400","10.0200","-0.1800","-1.7258","10.4300"
"600390.SH","五矿资本","2013-07-18","9.5700","9.7600","9.9500","9.5700","0.2200","2.3061","9.5400"
"600390.SH","五矿资本","2013-07-19","9.6600","9.1500","9.7000","9.1000","-0.6100","-6.2500","9.7600"
"600390.SH","五矿资本","2013-07-22","9.0500","9.4200","9.4500","8.8800","0.2700","2.9508","9.1500"
"600390.SH","五矿资本","2013-07-23","9.4500","9.7500","9.8700","9.4400","0.3300","3.5032","9.4200"
"600390.SH","五矿资本","2013-07-24","9.7500","9.6600","9.7500","9.3900","-0.0900","-0.9231","9.7500"
"600390.SH","五矿资本","2013-07-25","9.7100","9.8700","10.1800","9.6000","0.2100","2.1739","9.6600"
"600390.SH","五矿资本","2013-07-29","9.4000","9.1900","9.6200","9.1800","-0.3600","-3.7696","9.5500"
"600390.SH","五矿资本","2013-07-30","9.2800","9.3600","9.5000","9.0100","0.1700","1.8498","9.1900"
"600390.SH","五矿资本","2013-07-31","9.3500","9.1300","9.3600","9.0400","-0.2300","-2.4573","9.3600"
"600390.SH","五矿资本","2013-08-01","9.3900","10.0400","10.0400","9.3600","0.9100","9.9671","9.1300"
"600390.SH","五矿资本","2013-08-02","10.1100","10.3000","10.3300","9.8300","0.2600","2.5896","10.0400"
"600390.SH","五矿资本","2013-08-05","10.4500","11.0000","11.3300","10.4500","0.7000","6.7961","10.3000"
"600390.SH","五矿资本","2013-08-06","10.7900","11.3300","11.3900","10.5800","0.3300","3.0000","11.0000"
"600390.SH","五矿资本","2013-08-08","10.8000","10.5500","10.8500","10.3200","-0.4800","-4.3518","11.0300"
"600390.SH","五矿资本","2013-08-09","10.7500","10.8700","11.5500","10.7100","0.3200","3.0332","10.5500"
"600390.SH","五矿资本","2013-08-12","10.6900","11.1500","11.2000","10.4500","0.2800","2.5759","10.8700"
"600390.SH","五矿资本","2013-08-14","10.8900","10.7200","10.9800","10.5700","-0.2800","-2.5455","11.0000"
"600390.SH","五矿资本","2013-08-15","10.5100","10.5400","10.7000","10.4500","-0.1800","-1.6791","10.7200"
"600390.SH","五矿资本","2013-08-19","10.0100","10.4500","10.4800","9.9600","0.2600","2.5515","10.1900"
"600390.SH","五矿资本","2013-08-21","10.2700","10.5800","10.5800","10.2000","0.2700","2.6188","10.3100"
"600390.SH","五矿资本","2013-08-22","10.5100","11.0300","11.1800","10.2800","0.4500","4.2533","10.5800"
"600390.SH","五矿资本","2013-08-23","11.2200","10.9700","11.2800","10.5800","-0.0600","-0.5440","11.0300"
"600390.SH","五矿资本","2013-08-28","10.7300","10.5700","10.8600","10.5500","-0.3600","-3.2937","10.9300"
"600390.SH","五矿资本","2013-08-29","10.5500","10.4700","10.6100","10.2700","-0.1000","-0.9461","10.5700"
"600390.SH","五矿资本","2013-08-30","10.4800","10.0600","10.5500","9.9200","-0.4100","-3.9159","10.4700"
"600390.SH","五矿资本","2013-09-02","9.9000","10.1600","10.2200","9.6800","0.1000","0.9940","10.0600"
"600390.SH","五矿资本","2013-09-03","10.1600","10.1500","10.2300","10.0100","-0.0100","-0.0984","10.1600"
"600390.SH","五矿资本","2013-09-04","10.1600","10.1700","10.2700","10.0000","0.0200","0.1970","10.1500"
"600390.SH","五矿资本","2013-09-05","10.1600","10.1500","10.2500","10.0300","-0.0200","-0.1967","10.1700"
"600390.SH","五矿资本","2013-09-06","10.1300","10.3900","10.5300","10.0400","0.2400","2.3645","10.1500"
"600390.SH","五矿资本","2013-09-11","10.1500","10.2400","10.5000","10.1100","0.0900","0.8867","10.1500"
"600390.SH","五矿资本","2013-09-12","10.1800","9.9700","10.1900","9.9400","-0.2700","-2.6367","10.2400"
"600390.SH","五矿资本","2013-09-13","9.9500","9.9900","10.0800","9.9300","0.0200","0.2006","9.9700"
"600390.SH","五矿资本","2013-09-17","10.0300","9.7800","10.0700","9.7600","-0.2900","-2.8798","10.0700"
"600390.SH","五矿资本","2013-09-18","9.8400","9.7600","9.9700","9.6900","-0.0200","-0.2045","9.7800"
"600390.SH","五矿资本","2013-09-23","9.9100","10.4100","10.4700","9.8200","0.6500","6.6598","9.7600"
"600390.SH","五矿资本","2013-09-24","10.2600","10.2300","10.4500","10.1400","-0.1800","-1.7291","10.4100"
"600390.SH","五矿资本","2013-09-25","10.1700","9.9000","10.1900","9.8300","-0.3300","-3.2258","10.2300"
"600390.SH","五矿资本","2013-09-26","9.8500","9.7600","10.0200","9.7500","-0.1400","-1.4141","9.9000"
"600390.SH","五矿资本","2013-09-27","9.7100","9.7600","9.9600","9.7100","0.0000","0.0000","9.7600"
"600390.SH","五矿资本","2013-09-30","9.8300","9.7700","9.8600","9.6700","0.0100","0.1025","9.7600"
"600390.SH","五矿资本","2013-10-08","9.6700","9.7800","9.8300","9.5800","0.0100","0.1023","9.7700"
"600390.SH","五矿资本","2013-10-11","9.5800","9.6800","9.7900","9.5800","0.1100","1.1494","9.5700"
"600390.SH","五矿资本","2013-10-14","9.6800","9.7200","9.7800","9.6500","0.0400","0.4132","9.6800"
"600390.SH","五矿资本","2013-10-15","9.7000","9.8400","10.0000","9.7000","0.1200","1.2346","9.7200"
"600390.SH","五矿资本","2013-10-17","9.4500","9.1700","9.4600","9.1200","-0.1500","-1.6094","9.3200"
"600390.SH","五矿资本","2013-10-18","9.0900","9.2200","9.2800","9.0600","0.0500","0.5453","9.1700"
"600390.SH","五矿资本","2013-10-21","9.2000","9.0600","9.2000","8.6900","-0.1600","-1.7354","9.2200"
"600390.SH","五矿资本","2013-10-22","9.3800","9.3500","9.3800","9.0300","0.2900","3.2009","9.0600"
"600390.SH","五矿资本","2013-10-23","9.5000","9.2400","9.6200","9.2200","-0.1100","-1.1765","9.3500"
"600390.SH","五矿资本","2013-10-24","9.1200","8.9000","9.1500","8.8600","-0.3400","-3.6797","9.2400"
"600390.SH","五矿资本","2013-10-25","8.8900","8.7000","8.9600","8.6500","-0.2000","-2.2472","8.9000"
"600390.SH","五矿资本","2013-10-28","8.7000","8.4800","8.7700","8.3600","-0.2200","-2.5287","8.7000"
"600390.SH","五矿资本","2013-10-29","8.5500","7.8300","8.5500","7.6300","-0.6500","-7.6651","8.4800"
"600390.SH","五矿资本","2013-10-31","7.9000","8.6100","8.6100","7.8500","0.7800","9.9617","7.8300"
"600390.SH","五矿资本","2013-07-17","9.8100","9.5400","10.0400","9.4600","-0.7100","-6.9268","10.2500"
"600390.SH","五矿资本","2013-08-07","11.1000","11.0300","11.4200","10.8900","-0.3000","-2.6478","11.3300"
"600390.SH","五矿资本","2013-07-26","9.8800","9.5500","9.9800","9.3100","-0.3200","-3.2421","9.8700"
"600390.SH","五矿资本","2013-08-16","10.4300","10.1900","10.8000","10.1600","-0.3500","-3.3207","10.5400"
"600390.SH","五矿资本","2013-08-13","10.9200","11.0000","11.0600","10.8500","-0.1500","-1.3453","11.1500"
"600390.SH","五矿资本","2013-08-20","10.3600","10.3100","10.6100","10.1500","-0.1400","-1.3397","10.4500"
"600390.SH","五矿资本","2013-09-10","10.3200","10.1500","10.3200","10.1000","-0.1700","-1.6473","10.3200"
"600390.SH","五矿资本","2013-10-10","9.8300","9.5700","9.8600","9.5500","-0.2600","-2.6450","9.8300"
"600390.SH","五矿资本","2013-08-26","11.0000","11.0800","11.2000","10.8100","0.1100","1.0027","10.9700"
"600390.SH","五矿资本","2013-09-16","9.9900","10.0700","10.2500","9.8400","0.0800","0.8008","9.9900"
"600390.SH","五矿资本","2013-10-16","9.8200","9.3200","9.8500","9.3000","-0.5200","-5.2846","9.8400"
"600390.SH","五矿资本","2013-08-27","11.1100","10.9300","11.1200","10.8200","-0.1500","-1.3538","11.0800"
"600390.SH","五矿资本","2013-09-09","10.3900","10.3200","10.4300","10.1400","-0.0700","-0.6737","10.3900"
"600390.SH","五矿资本","2013-10-09","9.7200","9.8300","9.8500","9.6300","0.0500","0.5112","9.7800"
"600390.SH","五矿资本","2013-10-30","7.6100","7.8300","7.8400","7.6000","0.0000","0.0000","7.8300"
"600390.SH","五矿资本","2013-11-04","8.8000","8.9400","8.9700","8.6600","-0.2100","-2.2951","9.1500"
"600390.SH","五矿资本","2013-11-05","8.9000","8.9600","9.0200","8.6800","0.0200","0.2237","8.9400"
"600390.SH","五矿资本","2013-11-06","8.8600","8.6500","8.9000","8.6400","-0.3100","-3.4598","8.9600"
"600390.SH","五矿资本","2013-11-07","8.5000","8.3200","8.6500","8.2200","-0.3300","-3.8150","8.6500"
"600390.SH","五矿资本","2013-11-08","8.1400","8.1900","8.5100","8.1000","-0.1300","-1.5625","8.3200"
"600390.SH","五矿资本","2013-11-11","8.1000","8.1300","8.2900","8.0300","-0.0600","-0.7326","8.1900"
"600390.SH","五矿资本","2013-11-12","8.3100","8.9400","8.9400","8.3000","0.8100","9.9631","8.1300"
"600390.SH","五矿资本","2013-11-13","9.4000","8.8100","9.4000","8.7800","-0.1300","-1.4541","8.9400"
"600390.SH","五矿资本","2013-11-14","8.6300","8.7700","8.8000","8.3000","-0.0400","-0.4540","8.8100"
"600390.SH","五矿资本","2013-11-15","8.7800","8.8700","9.1300","8.6000","0.1000","1.1402","8.7700"
"600390.SH","五矿资本","2013-11-18","8.7700","8.9800","9.0000","8.7200","0.1100","1.2401","8.8700"
"600390.SH","五矿资本","2013-11-19","8.9500","8.9800","9.2000","8.8500","0.0000","0.0000","8.9800"
"600390.SH","五矿资本","2013-11-20","8.9100","8.9200","9.0300","8.7900","-0.0600","-0.6681","8.9800"
"600390.SH","五矿资本","2013-11-21","8.8300","8.7400","8.8600","8.6500","-0.1800","-2.0179","8.9200"
"600390.SH","五矿资本","2013-11-25","9.0900","8.8800","9.1900","8.8700","-0.2300","-2.5247","9.1100"
"600390.SH","五矿资本","2013-11-26","8.8900","8.8800","9.0400","8.7000","0.0000","0.0000","8.8800"
"600390.SH","五矿资本","2013-11-27","8.9200","8.9300","9.0200","8.8000","0.0500","0.5631","8.8800"
"600390.SH","五矿资本","2013-11-28","8.9400","9.0900","9.1800","8.9000","0.1600","1.7917","8.9300"
"600390.SH","五矿资本","2013-11-29","9.0500","8.9300","9.0900","8.8200","-0.1600","-1.7602","9.0900"
"600390.SH","五矿资本","2013-12-02","8.9000","8.4400","8.9000","8.2400","-0.4900","-5.4871","8.9300"
"600390.SH","五矿资本","2013-12-03","8.3100","8.5700","8.5800","8.3000","0.1300","1.5403","8.4400"
"600390.SH","五矿资本","2013-12-04","8.6500","8.6100","8.7000","8.5500","0.0400","0.4667","8.5700"
"600390.SH","五矿资本","2013-12-05","8.6900","8.7800","8.9500","8.6100","0.1700","1.9744","8.6100"
"600390.SH","五矿资本","2013-12-06","8.7300","8.9300","9.1000","8.6000","0.1500","1.7084","8.7800"
"600390.SH","五矿资本","2013-12-09","8.9000","8.9000","9.0300","8.7900","-0.0300","-0.3360","8.9300"
"600390.SH","五矿资本","2013-12-10","8.9400","8.9100","9.0600","8.8700","0.0100","0.1124","8.9000"
"600390.SH","五矿资本","2013-12-11","8.9100","8.7800","8.9100","8.6400","-0.1300","-1.4590","8.9100"
"600390.SH","五矿资本","2013-12-12","8.7000","8.7700","8.8200","8.6900","-0.0100","-0.1139","8.7800"
"600390.SH","五矿资本","2013-12-16","8.7700","8.4400","8.7700","8.4000","-0.2600","-2.9885","8.7000"
"600390.SH","五矿资本","2013-12-17","8.5000","8.4400","8.6000","8.2800","0.0000","0.0000","8.4400"
"600390.SH","五矿资本","2013-12-18","8.4500","8.3700","8.5500","8.3100","-0.0700","-0.8294","8.4400"
"600390.SH","五矿资本","2013-12-19","8.5000","8.7900","9.0000","8.4000","0.4200","5.0179","8.3700"
"600390.SH","五矿资本","2013-12-20","8.7800","8.4300","8.7800","8.3500","-0.3600","-4.0956","8.7900"
"600390.SH","五矿资本","2013-12-23","8.4300","8.0400","8.4500","7.9100","-0.3900","-4.6263","8.4300"
"600390.SH","五矿资本","2013-12-24","8.0000","8.0800","8.1400","7.9500","0.0400","0.4975","8.0400"
"600390.SH","五矿资本","2013-12-25","8.1300","8.2200","8.2400","8.0500","0.1400","1.7327","8.0800"
"600390.SH","五矿资本","2013-12-26","8.2200","7.9000","8.2200","7.8600","-0.3200","-3.8929","8.2200"
"600390.SH","五矿资本","2013-12-27","7.9400","8.0200","8.0800","7.9400","0.1200","1.5190","7.9000"
"600390.SH","五矿资本","2013-12-30","8.0700","8.0900","8.2000","8.0000","0.0700","0.8728","8.0200"
"600390.SH","五矿资本","2013-12-31","8.1000","8.1900","8.3000","8.0500","0.1000","1.2361","8.0900"
"600390.SH","五矿资本","2014-01-03","8.1000","8.2800","8.3100","8.0600","0.1600","1.9704","8.1200"
"600390.SH","五矿资本","2014-01-06","8.2100","8.0100","8.2100","7.9900","-0.2700","-3.2609","8.2800"
"600390.SH","五矿资本","2014-01-07","7.9600","8.1000","8.1700","7.9600","0.0900","1.1236","8.0100"
"600390.SH","五矿资本","2014-01-08","8.1300","8.1000","8.1500","7.9900","0.0000","0.0000","8.1000"
"600390.SH","五矿资本","2014-01-13","7.6500","7.6700","7.8200","7.6200","0.0400","0.5242","7.6300"
"600390.SH","五矿资本","2014-01-14","7.6800","7.7100","7.7200","7.5200","0.0400","0.5215","7.6700"
"600390.SH","五矿资本","2014-01-17","8.5500","8.5000","8.7200","8.3200","-0.1600","-1.8476","8.6600"
"600390.SH","五矿资本","2014-01-20","8.4600","8.1100","8.4800","8.1000","-0.3900","-4.5882","8.5000"
"600390.SH","五矿资本","2014-01-21","8.0100","8.2100","8.2200","8.0100","0.1000","1.2330","8.1100"
"600390.SH","五矿资本","2014-01-24","9.2600","9.2600","9.2600","8.7900","0.8400","9.9762","8.4200"
"600390.SH","五矿资本","2014-01-27","10.0000","10.1900","10.1900","9.8800","0.9300","10.0432","9.2600"
"600390.SH","五矿资本","2014-01-28","10.1500","10.5600","10.9800","10.0100","0.3700","3.6310","10.1900"
"600390.SH","五矿资本","2014-01-29","10.4400","10.6700","10.8500","10.3500","0.1100","1.0417","10.5600"
"600390.SH","五矿资本","2014-02-10","12.4200","12.4200","12.4200","12.4200","1.1300","10.0089","11.2900"
"600390.SH","五矿资本","2014-02-11","13.6600","13.6600","13.6600","13.6600","1.2400","9.9839","12.4200"
"600390.SH","五矿资本","2014-02-14","17.0000","16.7500","17.4900","16.5600","0.2200","1.3309","16.5300"
"600390.SH","五矿资本","2014-02-17","17.4500","17.4000","17.6000","16.5900","0.6500","3.8806","16.7500"
"600390.SH","五矿资本","2014-02-18","17.2000","17.4900","18.0400","16.7100","0.0900","0.5172","17.4000"
"600390.SH","五矿资本","2014-02-20","16.6500","17.0600","17.6800","16.2000","0.5200","3.1439","16.5400"
"600390.SH","五矿资本","2013-11-01","8.8000","9.1500","9.4000","8.6800","0.5400","6.2718","8.6100"
"600390.SH","五矿资本","2013-11-22","8.7100","9.1100","9.1800","8.6600","0.3700","4.2334","8.7400"
"600390.SH","五矿资本","2013-12-13","8.7300","8.7000","8.8000","8.6600","-0.0700","-0.7982","8.7700"
"600390.SH","五矿资本","2014-01-02","8.2000","8.1200","8.2000","8.0500","-0.0700","-0.8547","8.1900"
"600390.SH","五矿资本","2014-01-23","8.3000","8.4200","8.5900","8.2700","0.0100","0.1189","8.4100"
"600390.SH","五矿资本","2014-01-09","8.0700","7.7500","8.1400","7.7500","-0.3500","-4.3210","8.1000"
"600390.SH","五矿资本","2014-01-30","10.6100","10.2600","10.7600","10.2000","-0.4100","-3.8425","10.6700"
"600390.SH","五矿资本","2014-01-10","7.7000","7.6300","7.7400","7.6000","-0.1200","-1.5484","7.7500"
"600390.SH","五矿资本","2014-02-07","10.8000","11.2900","11.2900","10.7600","1.0300","10.0390","10.2600"
"600390.SH","五矿资本","2014-01-15","7.9500","8.4800","8.4800","7.9400","0.7700","9.9870","7.7100"
"600390.SH","五矿资本","2014-02-12","15.0300","15.0300","15.0300","15.0300","1.3700","10.0293","13.6600"
"600390.SH","五矿资本","2014-01-16","8.7900","8.6600","9.0700","8.5500","0.1800","2.1226","8.4800"
"600390.SH","五矿资本","2014-02-13","16.5300","16.5300","16.5300","16.5300","1.5000","9.9800","15.0300"
"600390.SH","五矿资本","2014-01-22","8.1700","8.4100","8.4700","8.1700","0.2000","2.4361","8.2100"
"600390.SH","五矿资本","2014-02-19","17.2800","16.5400","17.2800","16.1000","-0.9500","-5.4317","17.4900"
"600390.SH","五矿资本","2014-02-21","16.6800","16.6900","16.8800","15.9600","-0.3700","-2.1688","17.0600"
"600390.SH","五矿资本","2014-02-24","16.4300","16.9000","17.1400","16.2000","0.2100","1.2582","16.6900"
"600390.SH","五矿资本","2014-02-25","16.4500","15.3200","17.2000","15.2100","-1.5800","-9.3491","16.9000"
"600390.SH","五矿资本","2014-02-26","15.5000","16.2400","16.5000","15.2900","0.9200","6.0052","15.3200"
"600390.SH","五矿资本","2014-02-27","16.5200","16.5900","17.8600","16.0000","0.3500","2.1552","16.2400"
"600390.SH","五矿资本","2014-02-28","16.1300","16.9100","17.3900","15.8000","0.3200","1.9289","16.5900"
"600390.SH","五矿资本","2014-03-03","16.6400","17.2400","17.8000","16.2100","0.3300","1.9515","16.9100"
"600390.SH","五矿资本","2014-03-04","16.9000","16.7900","17.5800","16.5400","-0.4500","-2.6102","17.2400"
"600390.SH","五矿资本","2014-03-05","16.7000","16.5500","17.0500","16.2400","-0.2400","-1.4294","16.7900"
"600390.SH","五矿资本","2014-03-06","16.3600","15.3000","16.4500","15.2200","-1.2500","-7.5529","16.5500"
"600390.SH","五矿资本","2014-03-07","15.6000","14.8600","15.7300","14.8000","-0.4400","-2.8758","15.3000"
"600390.SH","五矿资本","2014-03-10","14.4000","13.9300","14.4900","13.4400","-0.9300","-6.2584","14.8600"
"600390.SH","五矿资本","2014-03-11","13.8400","13.5700","14.0200","13.3000","-0.3600","-2.5844","13.9300"
"600390.SH","五矿资本","2014-03-13","13.5000","13.4100","13.6400","13.1000","-0.2700","-1.9737","13.6800"
"600390.SH","五矿资本","2014-03-14","13.1900","13.1600","13.3700","12.9700","-0.2500","-1.8643","13.4100"
"600390.SH","五矿资本","2014-03-17","13.1400","13.5000","13.6800","13.0800","0.3400","2.5836","13.1600"
"600390.SH","五矿资本","2014-03-18","13.4000","13.5900","14.0500","13.2300","0.0900","0.6667","13.5000"
"600390.SH","五矿资本","2014-03-19","13.4900","13.1800","13.5100","13.1000","-0.4100","-3.0169","13.5900"
"600390.SH","五矿资本","2014-03-20","13.0000","12.2400","13.1000","12.1200","-0.9400","-7.1320","13.1800"
"600390.SH","五矿资本","2014-03-21","12.2000","12.5600","12.6200","12.0500","0.3200","2.6144","12.2400"
"600390.SH","五矿资本","2014-03-24","12.5200","13.0900","13.1500","12.2900","0.5300","4.2197","12.5600"
"600390.SH","五矿资本","2014-03-25","12.7500","12.8900","13.0100","12.6200","-0.2000","-1.5279","13.0900"
"600390.SH","五矿资本","2014-03-26","12.9400","12.7900","13.3800","12.7500","-0.1000","-0.7758","12.8900"
"600390.SH","五矿资本","2014-03-27","12.5000","12.0600","12.5800","12.0300","-0.7300","-5.7076","12.7900"
"600390.SH","五矿资本","2014-03-28","11.9900","11.5500","12.0900","11.4600","-0.5100","-4.2289","12.0600"
"600390.SH","五矿资本","2014-03-31","11.5600","11.5400","11.7700","11.3800","-0.0100","-0.0866","11.5500"
"600390.SH","五矿资本","2014-04-01","11.5600","11.6300","11.9000","11.4600","0.0900","0.7799","11.5400"
"600390.SH","五矿资本","2014-04-03","11.9700","12.0500","12.3200","11.7800","0.1000","0.8368","11.9500"
"600390.SH","五矿资本","2014-04-04","11.8500","11.7800","11.8500","11.3500","-0.2700","-2.2407","12.0500"
"600390.SH","五矿资本","2014-04-08","11.5100","11.8200","11.8400","11.4600","0.0400","0.3396","11.7800"
"600390.SH","五矿资本","2014-04-09","11.8500","11.9700","12.1400","11.7600","0.1500","1.2690","11.8200"
"600390.SH","五矿资本","2014-04-10","12.1000","12.8200","12.9700","12.0100","0.8500","7.1011","11.9700"
"600390.SH","五矿资本","2014-04-11","12.1800","12.3600","12.6400","12.1500","-0.4600","-3.5881","12.8200"
"600390.SH","五矿资本","2014-04-14","12.3400","12.4000","12.7000","12.3000","0.0400","0.3236","12.3600"
"600390.SH","五矿资本","2014-04-15","12.3000","12.1600","12.3100","12.0300","-0.2400","-1.9355","12.4000"
"600390.SH","五矿资本","2014-04-16","11.9600","12.0500","12.3700","11.8600","-0.1100","-0.9046","12.1600"
"600390.SH","五矿资本","2014-04-17","12.0400","12.3300","12.4600","11.9500","0.2800","2.3236","12.0500"
"600390.SH","五矿资本","2014-04-18","12.2200","12.2400","12.4000","12.0300","-0.0900","-0.7299","12.3300"
"600390.SH","五矿资本","2014-04-21","12.1100","11.3500","12.2000","11.3000","-0.8900","-7.2712","12.2400"
"600390.SH","五矿资本","2014-04-22","11.3200","10.8200","11.4400","10.7000","-0.5300","-4.6696","11.3500"
"600390.SH","五矿资本","2014-04-23","10.9300","10.9000","11.1600","10.7500","0.0800","0.7394","10.8200"
"600390.SH","五矿资本","2014-04-25","10.7200","10.5000","10.9100","10.4500","-0.2300","-2.1435","10.7300"
"600390.SH","五矿资本","2014-04-28","10.4500","10.4300","10.7500","10.2600","-0.0700","-0.6667","10.5000"
"600390.SH","五矿资本","2014-04-29","10.3900","10.7400","10.8800","10.1800","0.3100","2.9722","10.4300"
"600390.SH","五矿资本","2014-04-30","10.6700","10.7400","10.8700","10.5900","0.0000","0.0000","10.7400"
"600390.SH","五矿资本","2014-05-05","10.6400","10.6400","10.6700","10.3400","-0.1000","-0.9311","10.7400"
"600390.SH","五矿资本","2014-05-06","10.6000","10.8100","10.9000","10.6000","0.1700","1.5977","10.6400"
"600390.SH","五矿资本","2014-05-07","10.6500","10.7700","11.1400","10.4600","-0.0400","-0.3700","10.8100"
"600390.SH","五矿资本","2014-05-08","10.5500","10.4700","10.9900","10.4300","-0.3000","-2.7855","10.7700"
"600390.SH","五矿资本","2014-05-09","10.5100","10.1900","10.7900","10.0600","-0.2800","-2.6743","10.4700"
"600390.SH","五矿资本","2014-05-12","10.3100","10.8900","11.2000","10.1500","0.7000","6.8695","10.1900"
"600390.SH","五矿资本","2014-05-13","10.7900","10.6400","10.8900","10.6100","-0.2500","-2.2957","10.8900"
"600390.SH","五矿资本","2014-05-14","10.5900","10.4900","10.6500","10.4500","-0.1500","-1.4098","10.6400"
"600390.SH","五矿资本","2014-05-15","10.4500","9.7400","10.4600","9.7100","-0.7500","-7.1497","10.4900"
"600390.SH","五矿资本","2014-05-16","9.6800","9.8300","9.8800","9.5700","0.0900","0.9240","9.7400"
"600390.SH","五矿资本","2014-05-19","9.7800","9.8800","9.9400","9.7000","0.0500","0.5086","9.8300"
"600390.SH","五矿资本","2014-03-12","13.4900","13.6800","13.8600","12.9100","0.1100","0.8106","13.5700"
"600390.SH","五矿资本","2014-04-02","11.5500","11.9500","12.2500","11.4200","0.3200","2.7515","11.6300"
"600390.SH","五矿资本","2014-04-24","10.8000","10.7300","10.9100","10.5800","-0.1700","-1.5596","10.9000"
"600390.SH","五矿资本","2014-05-20","9.9100","9.8900","10.0800","9.8500","0.0100","0.1012","9.8800"
"600390.SH","五矿资本","2014-05-21","9.7300","10.1600","10.3500","9.7300","0.2700","2.7300","9.8900"
"600390.SH","五矿资本","2014-05-22","10.1400","10.0300","10.3800","9.9900","-0.1300","-1.2795","10.1600"
"600390.SH","五矿资本","2014-05-23","10.0400","10.2700","10.2800","9.8300","0.2400","2.3928","10.0300"
"600390.SH","五矿资本","2014-05-26","10.6200","10.5400","10.8800","10.4500","0.2700","2.6290","10.2700"
"600390.SH","五矿资本","2014-05-27","10.3900","10.3400","10.5700","10.3000","-0.2000","-1.8975","10.5400"
"600390.SH","五矿资本","2014-05-28","10.3800","10.6300","10.6900","10.3500","0.2900","2.8046","10.3400"
"600390.SH","五矿资本","2014-05-29","10.6300","10.4500","10.9700","10.4500","-0.1800","-1.6933","10.6300"
"600390.SH","五矿资本","2014-05-30","10.4500","10.3400","10.5300","10.2400","-0.1100","-1.0526","10.4500"
"600390.SH","五矿资本","2014-06-03","10.3500","10.7400","11.1400","10.3300","0.4000","3.8685","10.3400"
"600390.SH","五矿资本","2014-06-04","10.6500","10.4500","10.7500","10.3400","-0.2900","-2.7002","10.7400"
"600390.SH","五矿资本","2014-06-05","10.3800","10.7500","10.8700","10.3600","0.3000","2.8708","10.4500"
"600390.SH","五矿资本","2014-06-06","10.7500","10.5700","10.8300","10.4500","-0.1800","-1.6744","10.7500"
"600390.SH","五矿资本","2014-06-09","10.5100","10.4500","10.6900","10.4000","-0.1200","-1.1353","10.5700"
"600390.SH","五矿资本","2014-06-10","10.4800","10.6400","10.7400","10.3000","0.1900","1.8182","10.4500"
"600390.SH","五矿资本","2014-06-11","10.6300","10.9800","11.1900","10.5600","0.3400","3.1955","10.6400"
"600390.SH","五矿资本","2014-06-12","10.8800","10.9000","11.1000","10.8000","-0.0800","-0.7286","10.9800"
"600390.SH","五矿资本","2014-06-13","10.9600","11.9900","11.9900","10.9500","1.0900","10.0000","10.9000"
"600390.SH","五矿资本","2014-06-16","11.9900","11.9900","11.9900","11.9900","","","11.9900"
"600390.SH","五矿资本","2014-06-17","11.9900","11.9900","11.9900","11.9900","","","11.9900"
"600390.SH","五矿资本","2014-06-18","11.9900","11.9900","11.9900","11.9900","","","11.9900"
"600390.SH","五矿资本","2014-06-19","11.9900","11.9900","11.9900","11.9900","","","11.9900"
"600390.SH","五矿资本","2014-06-20","11.9900","11.9900","11.9900","11.9900","","","11.9900"
"600390.SH","五矿资本","2014-06-23","11.9900","11.9900","11.9900","11.9900","","","11.9900"
"600390.SH","五矿资本","2014-06-24","11.9900","11.9900","11.9900","11.9900","","","11.9900"
"600390.SH","五矿资本","2014-06-25","11.9900","11.9900","11.9900","11.9900","","","11.9900"
"600390.SH","五矿资本","2014-06-26","11.9900","11.9900","11.9900","11.9900","","","11.9900"
"600390.SH","五矿资本","2014-06-27","11.9900","11.9900","11.9900","11.9900","","","11.9900"
"600390.SH","五矿资本","2014-06-30","13.1900","13.1900","13.1900","13.1900","1.2000","10.0083","11.9900"
"600390.SH","五矿资本","2014-07-01","13.9900","13.8100","14.5000","13.2600","0.6200","4.7005","13.1900"
"600390.SH","五矿资本","2014-07-02","13.8000","14.7000","14.9900","13.5700","0.8900","6.4446","13.8100"
"600390.SH","五矿资本","2014-07-03","14.5000","15.2500","16.0500","14.2700","0.5500","3.7415","14.7000"
"600390.SH","五矿资本","2014-07-04","14.8900","14.4100","15.1900","14.3500","-0.8400","-5.5082","15.2500"
"600390.SH","五矿资本","2014-07-07","14.2100","14.2200","14.4700","13.9000","-0.1900","-1.3185","14.4100"
"600390.SH","五矿资本","2014-07-08","14.1400","14.2500","14.4500","13.5000","0.0300","0.2110","14.2200"
"600390.SH","五矿资本","2014-07-09","14.0100","13.5200","14.4000","13.5000","-0.7300","-5.1228","14.2500"
"600390.SH","五矿资本","2014-07-10","13.9200","13.2200","14.0100","13.1400","-0.3000","-2.2189","13.5200"
"600390.SH","五矿资本","2014-07-11","13.1900","13.4300","13.7300","12.9000","0.2100","1.5885","13.2200"
"600390.SH","五矿资本","2014-07-14","13.2900","14.2500","14.5800","13.1200","0.8200","6.1057","13.4300"
"600390.SH","五矿资本","2014-07-15","14.0000","13.7900","14.1300","13.5300","-0.4600","-3.2281","14.2500"
"600390.SH","五矿资本","2014-07-16","13.7800","13.2300","13.9500","13.1300","-0.5600","-4.0609","13.7900"
"600390.SH","五矿资本","2014-07-17","13.1700","13.2000","13.3300","12.9200","-0.0300","-0.2268","13.2300"
"600390.SH","五矿资本","2014-07-18","13.2300","13.3600","13.7500","13.1300","0.1600","1.2121","13.2000"
"600390.SH","五矿资本","2014-07-21","13.3900","12.8900","13.3900","12.7500","-0.4700","-3.5180","13.3600"
"600390.SH","五矿资本","2014-07-22","12.9000","14.1800","14.1800","12.9000","1.2900","10.0078","12.8900"
"600390.SH","五矿资本","2014-07-23","14.4200","13.9400","14.4200","13.7000","-0.2400","-1.6925","14.1800"
"600390.SH","五矿资本","2014-07-24","13.9000","13.7200","14.0700","13.1500","-0.2200","-1.5782","13.9400"
"600390.SH","五矿资本","2014-07-25","13.7200","13.8300","14.0500","13.5200","0.1100","0.8017","13.7200"
"600390.SH","五矿资本","2014-07-28","13.7500","14.0600","14.1400","13.5200","0.2300","1.6631","13.8300"
"600390.SH","五矿资本","2014-07-29","14.0800","14.4000","14.8700","13.9000","0.3400","2.4182","14.0600"
"600390.SH","五矿资本","2014-07-30","14.1900","14.1800","14.5500","14.0000","-0.2200","-1.5278","14.4000"
"600390.SH","五矿资本","2014-07-31","14.2000","14.2100","14.6400","14.0800","0.0300","0.2116","14.1800"
"600390.SH","五矿资本","2014-08-01","14.2200","13.6600","14.3900","13.5500","-0.5500","-3.8705","14.2100"
"600390.SH","五矿资本","2014-08-04","13.7400","13.8400","13.9000","13.4700","0.1800","1.3177","13.6600"
"600390.SH","五矿资本","2014-08-05","13.7500","13.6400","13.8400","13.5100","-0.2000","-1.4451","13.8400"
"600390.SH","五矿资本","2014-08-06","13.5900","14.0000","14.1400","13.5100","0.3600","2.6393","13.6400"
"600390.SH","五矿资本","2014-08-07","14.1400","13.7100","14.2900","13.6600","-0.2900","-2.0714","14.0000"
"600390.SH","五矿资本","2014-08-08","13.6500","13.5800","13.8000","13.5400","-0.1300","-0.9482","13.7100"
"600390.SH","五矿资本","2014-08-11","13.6500","13.8500","14.0800","13.6100","0.2700","1.9882","13.5800"
"600390.SH","五矿资本","2014-08-12","13.8900","15.0900","15.2400","13.8800","1.2400","8.9531","13.8500"
"600390.SH","五矿资本","2014-08-13","14.7200","14.8400","14.9700","14.5000","-0.2500","-1.6567","15.0900"
"600390.SH","五矿资本","2014-08-14","14.7600","14.5500","15.2400","14.5200","-0.2900","-1.9542","14.8400"
"600390.SH","五矿资本","2014-08-15","14.5600","15.0400","15.3600","14.5000","0.4900","3.3677","14.5500"
"600390.SH","五矿资本","2014-08-18","15.4900","15.0800","15.5400","14.8600","0.0400","0.2660","15.0400"
"600390.SH","五矿资本","2014-08-19","14.9100","14.8600","15.1600","14.6800","-0.2200","-1.4589","15.0800"
"600390.SH","五矿资本","2014-08-20","14.7600","14.8400","14.9400","14.5900","-0.0200","-0.1346","14.8600"
"600390.SH","五矿资本","2014-08-21","15.0000","14.9500","15.0600","14.6400","0.1100","0.7412","14.8400"
"600390.SH","五矿资本","2014-08-22","14.8300","14.6600","15.0400","14.6300","-0.2900","-1.9398","14.9500"
"600390.SH","五矿资本","2014-08-25","14.6000","14.6900","14.9200","14.4600","0.0300","0.2046","14.6600"
"600390.SH","五矿资本","2014-08-26","14.6900","13.7800","14.8000","13.7100","-0.9100","-6.1947","14.6900"
"600390.SH","五矿资本","2014-08-27","13.7500","13.7700","13.9100","13.6000","-0.0100","-0.0726","13.7800"
"600390.SH","五矿资本","2014-08-28","13.8200","13.6200","13.8700","13.6000","-0.1500","-1.0893","13.7700"
"600390.SH","五矿资本","2014-08-29","13.6800","13.8000","13.8000","13.5800","0.1800","1.3216","13.6200"
"600390.SH","五矿资本","2014-09-01","13.8000","14.0700","14.0800","13.8000","0.2700","1.9565","13.8000"
"600390.SH","五矿资本","2014-09-02","14.0200","14.2900","14.4300","13.9600","0.2200","1.5636","14.0700"
"600390.SH","五矿资本","2014-09-03","14.4400","14.3300","14.6400","14.2800","0.0400","0.2799","14.2900"
"600390.SH","五矿资本","2014-09-04","14.2000","14.4300","14.5400","14.1100","0.1000","0.6978","14.3300"
"600390.SH","五矿资本","2014-09-05","14.4700","14.3900","14.5700","14.3200","-0.0400","-0.2772","14.4300"
"600390.SH","五矿资本","2014-09-09","14.3100","14.3600","14.5100","14.2800","-0.0300","-0.2085","14.3900"
"600390.SH","五矿资本","2014-09-10","14.3100","14.2000","14.3100","14.0500","-0.1600","-1.1142","14.3600"
"600390.SH","五矿资本","2014-09-11","14.2000","14.4600","14.7800","14.1600","0.2600","1.8310","14.2000"
"600390.SH","五矿资本","2014-09-12","14.4200","14.5500","14.5800","14.3300","0.0900","0.6224","14.4600"
"600390.SH","五矿资本","2014-09-15","14.4700","14.5400","14.6500","14.3600","-0.0100","-0.0687","14.5500"
"600390.SH","五矿资本","2014-09-16","14.4600","13.7000","14.5000","13.6800","-0.8400","-5.7772","14.5400"
"600390.SH","五矿资本","2014-09-18","13.7200","13.7000","13.7900","13.5400","0.0100","0.0730","13.6900"
"600390.SH","五矿资本","2014-09-22","13.7300","13.6200","13.7700","13.5200","-0.1800","-1.3044","13.8000"
"600390.SH","五矿资本","2014-09-23","13.6000","14.2000","14.4000","13.6000","0.5800","4.2584","13.6200"
"600390.SH","五矿资本","2014-09-24","14.1100","14.2100","14.3100","13.9100","0.0100","0.0704","14.2000"
"600390.SH","五矿资本","2014-09-25","14.2200","14.6100","14.9500","14.1700","0.4000","2.8149","14.2100"
"600390.SH","五矿资本","2014-09-26","14.6000","14.5200","14.7500","14.3800","-0.0900","-0.6160","14.6100"
"600390.SH","五矿资本","2014-09-29","14.6500","14.7500","14.9200","14.5300","0.2300","1.5840","14.5200"
"600390.SH","五矿资本","2014-09-30","15.0400","14.6200","15.0400","14.5900","-0.1300","-0.8814","14.7500"
"600390.SH","五矿资本","2014-10-08","14.6100","14.6900","14.7700","14.4100","0.0700","0.4788","14.6200"
"600390.SH","五矿资本","2014-10-09","14.6800","15.1200","15.3000","14.6600","0.4300","2.9272","14.6900"
"600390.SH","五矿资本","2014-10-10","15.1800","14.7900","15.1800","14.5600","-0.3300","-2.1825","15.1200"
"600390.SH","五矿资本","2014-10-13","14.4500","14.9300","15.0000","14.3300","0.1400","0.9466","14.7900"
"600390.SH","五矿资本","2014-10-14","14.8000","15.6200","15.8000","14.8000","0.6900","4.6216","14.9300"
"600390.SH","五矿资本","2014-10-16","15.0800","15.0700","15.4500","14.7800","-0.2900","-1.8880","15.3600"
"600390.SH","五矿资本","2014-10-20","15.1100","15.3100","15.4100","14.9200","0.2100","1.3907","15.1000"
"600390.SH","五矿资本","2014-10-22","14.8000","15.1300","15.3000","14.4100","0.3000","2.0229","14.8300"
"600390.SH","五矿资本","2014-10-23","15.3300","15.4700","15.6500","15.0100","0.3400","2.2472","15.1300"
"600390.SH","五矿资本","2014-10-24","15.3600","14.9800","15.4700","14.8000","-0.4900","-3.1674","15.4700"
"600390.SH","五矿资本","2014-10-27","14.8200","15.0200","15.3000","14.6000","0.0400","0.2670","14.9800"
"600390.SH","五矿资本","2014-10-28","15.0200","16.2800","16.4900","14.9700","1.2600","8.3888","15.0200"
"600390.SH","五矿资本","2014-10-29","16.0100","16.1600","16.3400","15.8600","-0.1200","-0.7371","16.2800"
"600390.SH","五矿资本","2014-10-30","16.0900","15.7700","16.0900","15.6200","-0.3900","-2.4134","16.1600"
"600390.SH","五矿资本","2014-10-31","15.6000","15.9500","16.0700","15.6000","0.1800","1.1414","15.7700"
"600390.SH","五矿资本","2014-11-03","15.8300","15.9100","16.1000","15.7100","-0.0400","-0.2508","15.9500"
"600390.SH","五矿资本","2014-11-04","15.8000","15.0800","15.9000","15.0100","-0.8300","-5.2168","15.9100"
"600390.SH","五矿资本","2014-11-05","15.1700","14.9100","15.3900","14.9000","-0.1700","-1.1273","15.0800"
"600390.SH","五矿资本","2014-09-17","13.6900","13.6900","13.8100","13.5200","-0.0100","-0.0730","13.7000"
"600390.SH","五矿资本","2014-10-15","15.9000","15.3600","15.9000","15.1400","-0.2600","-1.6645","15.6200"
"600390.SH","五矿资本","2014-09-19","13.7100","13.8000","13.8400","13.6200","0.1000","0.7299","13.7000"
"600390.SH","五矿资本","2014-10-17","15.0700","15.1000","15.2800","14.6900","0.0300","0.1991","15.0700"
"600390.SH","五矿资本","2014-10-21","15.2500","14.8300","15.3600","14.8200","-0.4800","-3.1352","15.3100"
"600390.SH","五矿资本","2014-11-06","14.9600","14.8500","15.0500","14.6500","-0.0600","-0.4024","14.9100"
"600390.SH","五矿资本","2014-11-07","14.8500","14.4200","15.0800","14.4100","-0.4300","-2.8956","14.8500"
"600390.SH","五矿资本","2014-11-10","14.4000","14.6100","14.6200","14.2500","0.1900","1.3176","14.4200"
"600390.SH","五矿资本","2014-11-11","14.6200","14.1800","14.6800","13.9100","-0.4300","-2.9432","14.6100"
"600390.SH","五矿资本","2014-11-12","14.1700","14.4300","14.5800","14.0900","0.2500","1.7630","14.1800"
"600390.SH","五矿资本","2014-11-13","14.4700","14.6800","14.7300","14.2100","0.2500","1.7325","14.4300"
"600390.SH","五矿资本","2014-11-14","14.6500","14.5000","14.9200","14.4100","-0.1800","-1.2262","14.6800"
"600390.SH","五矿资本","2014-11-17","14.2100","14.3300","14.6500","14.2100","-0.1700","-1.1724","14.5000"
"600390.SH","五矿资本","2014-11-18","14.3500","14.2200","14.4600","14.1800","-0.1100","-0.7676","14.3300"
"600390.SH","五矿资本","2014-11-19","14.2200","14.2400","14.4500","14.1100","0.0200","0.1406","14.2200"
"600390.SH","五矿资本","2014-11-20","14.1500","14.2700","14.5400","14.1100","0.0300","0.2107","14.2400"
"600390.SH","五矿资本","2014-11-21","14.2700","14.4100","14.4800","14.2200","0.1400","0.9811","14.2700"
"600390.SH","五矿资本","2014-11-24","14.5400","14.4700","14.5800","14.3100","0.0600","0.4164","14.4100"
"600390.SH","五矿资本","2014-11-25","14.5000","14.7300","14.7700","14.4000","0.2600","1.7968","14.4700"
"600390.SH","五矿资本","2014-11-26","14.7300","14.6100","14.8600","14.5000","-0.1200","-0.8147","14.7300"
"600390.SH","五矿资本","2014-11-27","14.7000","14.7000","14.8800","14.5800","0.0900","0.6160","14.6100"
"600390.SH","五矿资本","2014-11-28","14.7000","14.2000","14.7300","14.1700","-0.5000","-3.4014","14.7000"
"600390.SH","五矿资本","2014-12-01","14.1500","13.6500","14.1600","13.6300","-0.5500","-3.8732","14.2000"
"600390.SH","五矿资本","2014-12-02","13.6500","13.7400","13.9100","13.6400","0.0900","0.6593","13.6500"
"600390.SH","五矿资本","2014-12-03","13.7400","14.2200","14.2900","13.7000","0.4800","3.4935","13.7400"
"600390.SH","五矿资本","2014-12-04","14.2900","14.2100","14.3800","14.0900","-0.0100","-0.0703","14.2200"
"600390.SH","五矿资本","2014-12-05","14.3000","13.5300","14.3000","13.3000","-0.6800","-4.7854","14.2100"
"600390.SH","五矿资本","2014-12-08","13.5100","13.2800","13.5100","13.0500","-0.2500","-1.8477","13.5300"
"600390.SH","五矿资本","2014-12-09","13.3300","12.5800","13.5200","12.5000","-0.7000","-5.2711","13.2800"
"600390.SH","五矿资本","2014-12-10","12.5000","13.0000","13.1000","12.4400","0.4200","3.3386","12.5800"
"600390.SH","五矿资本","2014-12-11","13.1900","13.2700","13.5400","13.1000","0.2700","2.0769","13.0000"
"600390.SH","五矿资本","2014-12-12","13.2900","13.4900","13.6300","13.1300","0.2200","1.6579","13.2700"
"600390.SH","五矿资本","2014-12-15","13.3300","13.4600","13.5400","13.2900","-0.0300","-0.2224","13.4900"
"600390.SH","五矿资本","2014-12-16","13.4300","13.3300","13.5000","13.3100","-0.1300","-0.9658","13.4600"
"600390.SH","五矿资本","2014-12-17","13.3000","12.8100","13.3000","12.7500","-0.5200","-3.9010","13.3300"
"600390.SH","五矿资本","2014-12-18","12.8000","12.8200","13.1400","12.7800","0.0100","0.0781","12.8100"
"600390.SH","五矿资本","2014-12-19","12.8200","12.4400","12.9000","12.0000","-0.3800","-2.9641","12.8200"
"600390.SH","五矿资本","2014-12-22","12.3600","11.2700","12.3600","11.2000","-1.1700","-9.4051","12.4400"
"600390.SH","五矿资本","2014-12-23","11.2600","11.1300","11.3800","10.9800","-0.1400","-1.2422","11.2700"
"600390.SH","五矿资本","2014-12-24","11.3000","11.4800","11.5000","11.1600","0.3500","3.1446","11.1300"
"600390.SH","五矿资本","2014-12-25","11.4300","11.4000","11.5500","11.2400","-0.0800","-0.6969","11.4800"
"600390.SH","五矿资本","2014-12-26","11.3500","12.1000","12.5200","11.3200","0.7000","6.1404","11.4000"
"600390.SH","五矿资本","2014-12-29","12.2000","11.9500","12.2400","11.6500","-0.1500","-1.2397","12.1000"
"600390.SH","五矿资本","2014-12-30","11.8100","11.6700","12.0700","11.6600","-0.2800","-2.3431","11.9500"
"600390.SH","五矿资本","2014-12-31","11.7000","11.6400","11.8900","11.4900","-0.0300","-0.2571","11.6700"
"600390.SH","五矿资本","2015-01-05","11.6500","12.0400","12.0700","11.6200","0.4000","3.4364","11.6400"
"600390.SH","五矿资本","2015-01-07","12.1900","12.1200","12.4500","12.0600","-0.0600","-0.4926","12.1800"
"600390.SH","五矿资本","2015-01-08","12.0000","11.9500","12.2200","11.9300","-0.1700","-1.4026","12.1200"
"600390.SH","五矿资本","2015-01-09","11.9400","11.8800","12.1100","11.8600","-0.0700","-0.5858","11.9500"
"600390.SH","五矿资本","2015-01-13","11.7800","11.9900","12.0900","11.7800","0.0600","0.5029","11.9300"
"600390.SH","五矿资本","2015-01-14","11.8800","11.5700","12.0500","11.5600","-0.4200","-3.5029","11.9900"
"600390.SH","五矿资本","2015-01-15","11.6000","11.6000","11.7400","11.5300","0.0300","0.2593","11.5700"
"600390.SH","五矿资本","2015-01-19","11.7500","11.3900","11.8600","11.2200","-0.5000","-4.2052","11.8900"
"600390.SH","五矿资本","2015-01-20","11.3600","11.6800","11.7100","11.3000","0.2900","2.5461","11.3900"
"600390.SH","五矿资本","2015-01-21","11.7000","12.0200","12.0900","11.6800","0.3400","2.9110","11.6800"
"600390.SH","五矿资本","2015-01-26","12.3000","12.5300","12.6300","12.2700","0.0800","0.6426","12.4500"
"600390.SH","五矿资本","2015-01-28","12.4800","12.3100","12.5600","12.2800","-0.1700","-1.3622","12.4800"
"600390.SH","五矿资本","2015-01-29","12.2000","12.2600","12.4000","12.1800","-0.0500","-0.4062","12.3100"
"600390.SH","五矿资本","2015-01-30","12.2100","12.0000","12.3400","11.9900","-0.2600","-2.1207","12.2600"
"600390.SH","五矿资本","2015-02-03","11.9900","12.1500","12.1700","11.9600","0.1700","1.4190","11.9800"
"600390.SH","五矿资本","2015-02-04","12.1700","12.0900","12.3000","12.0700","-0.0600","-0.4938","12.1500"
"600390.SH","五矿资本","2015-02-05","12.1500","12.0400","12.2800","12.0200","-0.0500","-0.4136","12.0900"
"600390.SH","五矿资本","2015-02-09","11.8000","11.5600","11.8800","11.5000","-0.2400","-2.0339","11.8000"
"600390.SH","五矿资本","2015-02-10","11.5000","11.5800","11.6300","11.4800","0.0200","0.1730","11.5600"
"600390.SH","五矿资本","2015-02-11","11.6300","11.6900","11.7600","11.5500","0.1100","0.9499","11.5800"
"600390.SH","五矿资本","2015-02-16","12.2000","12.6300","12.8000","12.1400","0.4100","3.3552","12.2200"
"600390.SH","五矿资本","2015-02-25","12.8600","12.6000","12.9500","12.4800","-0.1200","-0.9434","12.7200"
"600390.SH","五矿资本","2015-02-26","12.6500","12.6200","12.7000","12.5000","0.0200","0.1587","12.6000"
"600390.SH","五矿资本","2015-02-27","12.6300","12.6700","12.6800","12.5500","0.0500","0.3962","12.6200"
"600390.SH","五矿资本","2015-03-02","12.7900","12.9900","13.0000","12.7000","0.3200","2.5256","12.6700"
"600390.SH","五矿资本","2015-01-06","11.9500","12.1800","12.9600","11.8900","0.1400","1.1628","12.0400"
"600390.SH","五矿资本","2015-01-27","12.5000","12.4800","12.6500","12.3100","-0.0500","-0.3990","12.5300"
"600390.SH","五矿资本","2015-02-17","12.6600","12.7200","13.0000","12.4900","0.0900","0.7126","12.6300"
"600390.SH","五矿资本","2015-01-12","11.8800","11.9300","12.2000","11.5200","0.0500","0.4209","11.8800"
"600390.SH","五矿资本","2015-02-02","11.9300","11.9800","12.1200","11.7400","-0.0200","-0.1667","12.0000"
"600390.SH","五矿资本","2015-01-16","11.6600","11.8900","11.9300","11.6000","0.2900","2.5000","11.6000"
"600390.SH","五矿资本","2015-02-06","12.0100","11.8000","12.1400","11.7000","-0.2400","-1.9934","12.0400"
"600390.SH","五矿资本","2015-01-22","11.9300","12.2900","12.3300","11.9100","0.2700","2.2463","12.0200"
"600390.SH","五矿资本","2015-02-12","11.7200","11.7400","11.7600","11.5400","0.0500","0.4277","11.6900"
"600390.SH","五矿资本","2015-01-23","12.8000","12.4500","13.1100","12.4300","0.1600","1.3019","12.2900"
"600390.SH","五矿资本","2015-02-13","11.7400","12.2200","12.4300","11.7300","0.4800","4.0886","11.7400"
"600390.SH","五矿资本","2015-03-03","12.9600","12.9000","13.2600","12.8000","-0.0900","-0.6928","12.9900"
"600390.SH","五矿资本","2015-03-04","12.8700","13.2200","13.2300","12.8200","0.3200","2.4806","12.9000"
"600390.SH","五矿资本","2015-03-05","13.0600","13.5000","13.6200","13.0600","0.2800","2.1180","13.2200"
"600390.SH","五矿资本","2015-03-06","13.4100","13.6600","13.8700","12.9100","0.1600","1.1852","13.5000"
"600390.SH","五矿资本","2015-03-09","13.5200","13.4900","13.7100","13.2500","-0.1700","-1.2445","13.6600"
"600390.SH","五矿资本","2015-03-10","13.4800","13.4500","13.6100","13.3600","-0.0400","-0.2965","13.4900"
"600390.SH","五矿资本","2015-03-11","13.4300","13.8300","13.8600","13.3800","0.3800","2.8253","13.4500"
"600390.SH","五矿资本","2015-03-12","13.8500","13.7100","14.1700","13.5300","-0.1200","-0.8677","13.8300"
"600390.SH","五矿资本","2015-03-13","13.6200","13.6000","13.7800","13.5000","-0.1100","-0.8023","13.7100"
"600390.SH","五矿资本","2015-03-16","13.6200","13.7300","13.7600","13.5000","0.1300","0.9559","13.6000"
"600390.SH","五矿资本","2015-03-17","13.7300","13.8600","14.0300","13.7100","0.1300","0.9468","13.7300"
"600390.SH","五矿资本","2015-03-18","13.8600","14.1800","14.2200","13.7500","0.3200","2.3088","13.8600"
"600390.SH","五矿资本","2015-03-19","14.2000","14.1300","14.5500","14.0200","-0.0500","-0.3526","14.1800"
"600390.SH","五矿资本","2015-03-20","14.1500","14.2600","14.3800","14.0600","0.1300","0.9200","14.1300"
"600390.SH","五矿资本","2015-03-23","14.3000","14.6000","14.6700","14.3000","0.3400","2.3843","14.2600"
"600390.SH","五矿资本","2015-03-24","14.6000","14.7100","15.0800","14.2100","0.1100","0.7534","14.6000"
"600390.SH","五矿资本","2015-03-25","14.7600","15.3000","15.8000","14.4400","0.5900","4.0109","14.7100"
"600390.SH","五矿资本","2015-03-26","15.1500","14.8000","15.1500","14.6000","-0.5000","-3.2680","15.3000"
"600390.SH","五矿资本","2015-03-27","14.7900","14.7800","14.9800","14.6000","-0.0200","-0.1351","14.8000"
"600390.SH","五矿资本","2015-03-30","14.7900","14.9300","14.9500","14.6900","0.1500","1.0149","14.7800"
"600390.SH","五矿资本","2015-03-31","15.0900","14.5700","15.2500","14.5100","-0.3600","-2.4113","14.9300"
"600390.SH","五矿资本","2015-04-01","14.4700","14.7900","15.0900","14.4200","0.2200","1.5100","14.5700"
"600390.SH","五矿资本","2015-04-02","14.7000","15.1800","15.2500","14.6500","0.3900","2.6369","14.7900"
"600390.SH","五矿资本","2015-04-07","15.6100","15.6200","16.1100","15.5500","0.1800","1.1658","15.4400"
"600390.SH","五矿资本","2015-04-08","15.6200","15.1900","15.7400","14.8000","-0.4300","-2.7529","15.6200"
"600390.SH","五矿资本","2015-04-09","15.2200","14.6600","15.3100","14.1400","-0.5300","-3.4891","15.1900"
"600390.SH","五矿资本","2015-04-13","15.5300","15.8200","15.9700","15.3500","0.2900","1.8674","15.5300"
"600390.SH","五矿资本","2015-04-14","15.7800","15.3900","15.7800","15.2700","-0.4300","-2.7181","15.8200"
"600390.SH","五矿资本","2015-04-15","15.4200","15.7400","16.3900","15.3100","0.3500","2.2742","15.3900"
"600390.SH","五矿资本","2015-04-16","15.3900","15.7700","16.0400","15.0000","0.0300","0.1906","15.7400"
"600390.SH","五矿资本","2015-04-17","15.6800","15.7300","16.1800","15.5200","-0.0400","-0.2537","15.7700"
"600390.SH","五矿资本","2015-04-20","15.7600","16.4200","16.9700","15.3700","0.6900","4.3865","15.7300"
"600390.SH","五矿资本","2015-04-21","16.0000","16.6000","16.7200","15.8900","0.1800","1.0962","16.4200"
"600390.SH","五矿资本","2015-04-22","16.5900","16.6400","17.1800","16.4900","0.0400","0.2410","16.6000"
"600390.SH","五矿资本","2015-04-23","16.6400","16.9400","17.3700","16.6400","0.3000","1.8029","16.6400"
"600390.SH","五矿资本","2015-04-24","16.7000","16.4700","16.9700","16.1900","-0.4700","-2.7745","16.9400"
"600390.SH","五矿资本","2015-04-28","16.8000","15.8100","16.8800","15.7100","-0.8300","-4.9880","16.6400"
"600390.SH","五矿资本","2015-04-29","15.8800","16.6400","16.8500","15.7300","0.8300","5.2498","15.8100"
"600390.SH","五矿资本","2015-04-30","17.0300","16.1700","17.3200","16.1600","-0.4700","-2.8245","16.6400"
"600390.SH","五矿资本","2015-05-05","16.6500","16.8900","17.6900","16.5300","0.2400","1.4414","16.6500"
"600390.SH","五矿资本","2015-05-06","16.7700","16.5700","17.6000","16.2000","-0.3200","-1.8946","16.8900"
"600390.SH","五矿资本","2015-05-07","16.3000","14.9100","16.3800","14.9100","-1.6600","-10.0181","16.5700"
"600390.SH","五矿资本","2015-05-08","14.9400","15.2200","15.3000","14.8600","0.3100","2.0791","14.9100"
"600390.SH","五矿资本","2015-05-11","15.3400","15.8700","16.0500","15.2700","0.6500","4.2707","15.2200"
"600390.SH","五矿资本","2015-05-12","15.8600","15.9700","16.2300","15.5000","0.1000","0.6301","15.8700"
"600390.SH","五矿资本","2015-05-13","15.8900","16.6200","16.7900","15.6800","0.6500","4.0701","15.9700"
"600390.SH","五矿资本","2015-05-14","16.5800","17.0000","17.0800","16.3400","0.3800","2.2864","16.6200"
"600390.SH","五矿资本","2015-05-15","16.9700","16.7900","17.2100","16.5000","-0.2100","-1.2353","17.0000"
"600390.SH","五矿资本","2015-05-18","16.7500","17.3100","17.5800","16.6500","0.5200","3.0971","16.7900"
"600390.SH","五矿资本","2015-05-20","17.3500","17.2700","17.9800","17.2300","-0.0800","-0.4611","17.3500"
"600390.SH","五矿资本","2015-05-21","17.3100","17.6900","17.7800","16.9600","0.4200","2.4320","17.2700"
"600390.SH","五矿资本","2015-05-22","17.8100","18.5900","18.8600","17.4000","0.9000","5.0876","17.6900"
"600390.SH","五矿资本","2015-05-26","19.3900","19.5000","19.7900","18.9800","0.4000","2.0942","19.1000"
"600390.SH","五矿资本","2015-05-27","19.4300","19.3600","19.6700","18.7200","-0.1400","-0.7179","19.5000"
"600390.SH","五矿资本","2015-05-28","19.1000","21.1800","21.3000","19.0100","1.8200","9.4008","19.3600"
"600390.SH","五矿资本","2015-05-29","21.1400","20.4200","21.2800","19.9000","-0.7600","-3.5883","21.1800"
"600390.SH","五矿资本","2015-06-01","20.5100","21.4900","21.8000","20.5100","1.0700","5.2400","20.4200"
"600390.SH","五矿资本","2015-06-02","21.5300","22.0800","22.4600","20.8000","0.5900","2.7455","21.4900"
"600390.SH","五矿资本","2015-06-03","22.0400","21.0200","22.0400","20.2700","-1.0600","-4.8007","22.0800"
"600390.SH","五矿资本","2015-06-04","21.0500","20.7100","21.1900","19.0300","-0.3100","-1.4748","21.0200"
"600390.SH","五矿资本","2015-06-05","21.1000","21.0300","21.7500","20.4300","0.3200","1.5452","20.7100"
"600390.SH","五矿资本","2015-06-08","21.4600","21.1500","21.4600","20.7100","0.1200","0.5706","21.0300"
"600390.SH","五矿资本","2015-06-10","21.3000","21.7900","22.3000","20.8000","0.3400","1.5851","21.4500"
"600390.SH","五矿资本","2015-06-11","21.8500","23.2300","23.5700","21.8500","1.4400","6.6085","21.7900"
"600390.SH","五矿资本","2015-06-12","23.4600","23.3300","23.7200","22.9100","0.1000","0.4305","23.2300"
"600390.SH","五矿资本","2015-06-16","22.0200","20.9600","22.1000","20.7100","-1.3300","-5.9668","22.2900"
"600390.SH","五矿资本","2015-06-17","20.9000","21.4800","21.5900","19.9000","0.5200","2.4809","20.9600"
"600390.SH","五矿资本","2015-06-18","21.2900","19.9900","21.6200","19.6800","-1.4900","-6.9367","21.4800"
"600390.SH","五矿资本","2015-06-19","19.4000","17.9900","19.8600","17.9900","-2.0000","-10.0050","19.9900"
"600390.SH","五矿资本","2015-06-23","17.9900","18.8000","18.8600","16.9500","0.8100","4.5025","17.9900"
"600390.SH","五矿资本","2015-06-24","19.0000","19.1700","19.3000","18.4500","0.3700","1.9681","18.8000"
"600390.SH","五矿资本","2015-06-25","19.1500","18.1500","19.5500","17.9200","-1.0200","-5.3208","19.1700"
"600390.SH","五矿资本","2015-06-26","17.5600","16.3400","17.7500","16.3400","-1.8100","-9.9724","18.1500"
"600390.SH","五矿资本","2015-06-29","16.8600","14.7100","17.1000","14.7100","-1.6300","-9.9755","16.3400"
"600390.SH","五矿资本","2015-06-30","13.9200","15.4600","15.5000","13.2400","0.7500","5.0986","14.7100"
"600390.SH","五矿资本","2015-07-01","15.0500","13.9100","15.8300","13.9100","-1.5500","-10.0259","15.4600"
"600390.SH","五矿资本","2015-04-03","15.0700","15.4400","15.5500","14.9800","0.2600","1.7128","15.1800"
"600390.SH","五矿资本","2015-04-27","16.7700","16.6400","17.1000","16.2500","0.1700","1.0322","16.4700"
"600390.SH","五矿资本","2015-05-19","17.3000","17.3500","17.4300","17.1200","0.0400","0.2311","17.3100"
"600390.SH","五矿资本","2015-06-09","21.1600","21.4500","22.2200","20.9500","0.3000","1.4184","21.1500"
"600390.SH","五矿资本","2015-04-10","14.6000","15.5300","15.7000","14.5000","0.8700","5.9345","14.6600"
"600390.SH","五矿资本","2015-05-04","16.1900","16.6500","16.9100","16.1500","0.4800","2.9685","16.1700"
"600390.SH","五矿资本","2015-05-25","18.5400","19.1000","19.6500","18.2800","0.5100","2.7434","18.5900"
"600390.SH","五矿资本","2015-06-15","23.5000","22.2900","23.7000","21.9000","-1.0400","-4.4578","23.3300"
"600390.SH","五矿资本","2015-07-02","13.9800","12.5200","14.1900","12.5200","-1.3900","-9.9928","13.9100"
"600390.SH","五矿资本","2015-07-03","11.2700","11.2700","12.5000","11.2700","-1.2500","-9.9840","12.5200"
"600390.SH","五矿资本","2015-07-06","12.3000","10.1400","12.3000","10.1400","-1.1300","-10.0266","11.2700"
"600390.SH","五矿资本","2015-07-07","10.1400","10.1400","10.1400","10.1400","","","10.1400"
"600390.SH","五矿资本","2015-07-08","10.1400","10.1400","10.1400","10.1400","","","10.1400"
"600390.SH","五矿资本","2015-07-09","10.1400","10.1400","10.1400","10.1400","","","10.1400"
"600390.SH","五矿资本","2015-07-10","10.1400","10.1400","10.1400","10.1400","","","10.1400"
"600390.SH","五矿资本","2015-07-13","11.1500","11.1500","11.1500","11.1500","1.0100","9.9605","10.1400"
"600390.SH","五矿资本","2015-07-14","12.2700","12.2700","12.2700","12.2700","1.1200","10.0449","11.1500"
"600390.SH","五矿资本","2015-07-15","12.9500","11.0400","12.9500","11.0400","-1.2300","-10.0245","12.2700"
"600390.SH","五矿资本","2015-07-16","10.1900","11.2300","11.6000","10.0000","0.1900","1.7210","11.0400"
"600390.SH","五矿资本","2015-07-17","11.1000","12.2500","12.3500","11.1000","1.0200","9.0828","11.2300"
"600390.SH","五矿资本","2015-07-20","12.2000","12.9200","13.1500","12.0400","0.6700","5.4694","12.2500"
"600390.SH","五矿资本","2015-07-21","12.6100","13.2300","13.7200","12.3300","0.3100","2.3994","12.9200"
"600390.SH","五矿资本","2015-07-22","13.3300","13.1500","13.3800","12.5500","-0.0800","-0.6047","13.2300"
"600390.SH","五矿资本","2015-07-23","12.8600","13.6700","13.7000","12.7200","0.5200","3.9544","13.1500"
"600390.SH","五矿资本","2015-07-24","13.5000","13.7300","14.1900","13.2100","0.0600","0.4389","13.6700"
"600390.SH","五矿资本","2015-07-27","13.5500","12.3600","13.7000","12.3600","-1.3700","-9.9781","13.7300"
"600390.SH","五矿资本","2015-07-28","11.2500","11.1300","12.2500","11.1200","-1.2300","-9.9515","12.3600"
"600390.SH","五矿资本","2015-07-29","11.3600","11.8600","11.9700","11.0100","0.7300","6.5588","11.1300"
"600390.SH","五矿资本","2015-07-30","11.8400","11.3500","12.3300","11.2900","-0.5100","-4.3002","11.8600"
"600390.SH","五矿资本","2015-07-31","11.1000","11.2100","11.6500","10.9600","-0.1400","-1.2335","11.3500"
"600390.SH","五矿资本","2015-08-03","11.2100","11.0100","11.3400","10.2000","-0.2000","-1.7841","11.2100"
"600390.SH","五矿资本","2015-08-04","11.0800","11.8800","11.9600","11.0000","0.8700","7.9019","11.0100"
"600390.SH","五矿资本","2015-08-05","11.7800","11.7700","12.1600","11.3800","-0.1100","-0.9259","11.8800"
"600390.SH","五矿资本","2015-08-06","11.8800","12.9500","12.9500","11.7600","1.1800","10.0255","11.7700"
"600390.SH","五矿资本","2015-08-07","14.2500","14.2500","14.2500","14.2500","1.3000","10.0386","12.9500"
"600390.SH","五矿资本","2015-08-10","15.0000","15.6800","15.6800","14.7500","1.4300","10.0351","14.2500"
"600390.SH","五矿资本","2015-08-11","16.3700","16.1800","17.2000","15.9100","0.5000","3.1888","15.6800"
"600390.SH","五矿资本","2015-08-12","15.9000","15.7900","16.3600","15.3800","-0.3900","-2.4104","16.1800"
"600390.SH","五矿资本","2015-08-13","15.6000","17.3700","17.3700","15.5000","1.5800","10.0063","15.7900"
"600390.SH","五矿资本","2015-08-14","18.2800","16.7800","18.8000","16.7400","-0.5900","-3.3967","17.3700"
"600390.SH","五矿资本","2015-08-17","16.2600","17.1100","17.5500","15.9400","0.3300","1.9666","16.7800"
"600390.SH","五矿资本","2015-08-18","16.8000","15.4000","16.9300","15.4000","-1.7100","-9.9942","17.1100"
"600390.SH","五矿资本","2015-08-19","14.8000","15.7300","15.9500","13.8700","0.3300","2.1429","15.4000"
"600390.SH","五矿资本","2015-08-20","15.3000","14.2500","15.5000","14.2300","-1.4800","-9.4088","15.7300"
"600390.SH","五矿资本","2015-08-21","13.8000","13.1900","14.2500","13.0300","-1.0600","-7.4386","14.2500"
"600390.SH","五矿资本","2015-08-24","12.4900","11.8700","12.8000","11.8700","-1.3200","-10.0076","13.1900"
"600390.SH","五矿资本","2015-08-25","10.7000","10.6800","11.4000","10.6800","-1.1900","-10.0253","11.8700"
"600390.SH","五矿资本","2015-08-26","10.6200","10.7500","11.7500","10.0600","0.0700","0.6554","10.6800"
"600390.SH","五矿资本","2015-08-27","11.3000","11.7200","11.7700","10.5000","0.9700","9.0233","10.7500"
"600390.SH","五矿资本","2015-08-28","11.6000","12.6800","12.8400","11.5000","0.9600","8.1911","11.7200"
"600390.SH","五矿资本","2015-08-31","12.2800","11.4100","12.4700","11.4100","-1.2700","-10.0158","12.6800"
"600390.SH","五矿资本","2015-09-01","10.8100","10.2700","10.9900","10.2700","-1.1400","-9.9912","11.4100"
"600390.SH","五矿资本","2015-09-02","9.4500","9.2400","10.6400","9.2400","-1.0300","-10.0292","10.2700"
"600390.SH","五矿资本","2015-09-07","9.5000","9.7000","10.0100","9.3000","0.4600","4.9784","9.2400"
"600390.SH","五矿资本","2015-09-08","9.8500","10.6700","10.6700","9.6800","0.9700","10.0000","9.7000"
"600390.SH","五矿资本","2015-09-09","10.8100","11.2000","11.5100","10.7000","0.5300","4.9672","10.6700"
"600390.SH","五矿资本","2015-09-10","10.7000","10.5800","11.1400","10.5000","-0.6200","-5.5357","11.2000"
"600390.SH","五矿资本","2015-09-11","10.7000","10.9500","11.2000","10.5600","0.3700","3.4972","10.5800"
"600390.SH","五矿资本","2015-09-16","9.3300","9.9800","9.9800","9.0900","0.9100","10.0331","9.0700"
"600390.SH","五矿资本","2015-09-22","10.8000","10.8700","11.1100","10.6800","-0.2000","-1.8067","11.0700"
"600390.SH","五矿资本","2015-09-23","10.5000","11.0300","11.8700","10.4300","0.1600","1.4719","10.8700"
"600390.SH","五矿资本","2015-09-24","11.2800","11.0400","11.3900","10.7300","0.0100","0.0907","11.0300"
"600390.SH","五矿资本","2015-09-25","10.8600","10.5800","11.2700","10.3000","-0.4600","-4.1667","11.0400"
"600390.SH","五矿资本","2015-09-30","10.9800","10.7000","11.1300","10.5500","-0.0400","-0.3724","10.7400"
"600390.SH","五矿资本","2015-10-08","11.1400","11.7700","11.7700","10.9100","1.0700","10.0000","10.7000"
"600390.SH","五矿资本","2015-10-09","12.0000","11.7700","12.1000","11.4600","0.0000","0.0000","11.7700"
"600390.SH","五矿资本","2015-10-14","12.7800","12.5400","12.9400","12.5000","-0.5000","-3.8344","13.0400"
"600390.SH","五矿资本","2015-10-20","14.1500","14.2100","14.3100","13.7100","-0.3100","-2.1350","14.5200"
"600390.SH","五矿资本","2015-10-21","14.0700","12.7900","14.2800","12.7900","-1.4200","-9.9930","14.2100"
"600390.SH","五矿资本","2015-10-22","12.6700","13.2900","13.3400","12.2900","0.5000","3.9093","12.7900"
"600390.SH","五矿资本","2015-10-23","13.5000","13.3100","13.6200","12.8500","0.0200","0.1505","13.2900"
"600390.SH","五矿资本","2015-10-26","13.4500","13.5400","13.7700","12.9800","0.2300","1.7280","13.3100"
"600390.SH","五矿资本","2015-10-28","13.0900","12.8600","13.6700","12.7800","-0.3300","-2.5019","13.1900"
"600390.SH","五矿资本","2015-10-29","12.9500","13.3300","13.6200","12.9500","0.4700","3.6547","12.8600"
"600390.SH","五矿资本","2015-10-30","13.1500","13.4900","14.0000","12.8300","0.1600","1.2003","13.3300"
"600390.SH","五矿资本","2015-11-04","13.6900","14.6500","14.8000","13.6500","1.0400","7.6414","13.6100"
"600390.SH","五矿资本","2015-11-05","14.5000","14.2300","14.9800","14.0900","-0.4200","-2.8669","14.6500"
"600390.SH","五矿资本","2015-09-14","11.3600","9.8600","11.5600","9.8600","-1.0900","-9.9543","10.9500"
"600390.SH","五矿资本","2015-10-12","11.7900","12.2500","12.5700","11.7900","0.4800","4.0782","11.7700"
"600390.SH","五矿资本","2015-11-02","12.8800","13.0400","13.8000","12.8300","-0.4500","-3.3358","13.4900"
"600390.SH","五矿资本","2015-09-15","9.3600","9.0700","9.9000","8.9500","-0.7900","-8.0122","9.8600"
"600390.SH","五矿资本","2015-10-13","12.0000","13.0400","13.4000","11.9100","0.7900","6.4490","12.2500"
"600390.SH","五矿资本","2015-11-03","13.1600","13.6100","13.9000","13.1500","0.5700","4.3712","13.0400"
"600390.SH","五矿资本","2015-09-17","10.0000","10.7200","10.9800","9.8700","0.7400","7.4148","9.9800"
"600390.SH","五矿资本","2015-10-15","12.5000","13.0600","13.1800","12.4500","0.5200","4.1467","12.5400"
"600390.SH","五矿资本","2015-09-18","10.8000","10.6400","11.0300","10.2700","-0.0800","-0.7463","10.7200"
"600390.SH","五矿资本","2015-10-16","13.4800","13.8300","14.3700","13.2600","0.7700","5.8959","13.0600"
"600390.SH","五矿资本","2015-09-21","10.2200","11.0700","11.0900","10.2200","0.4300","4.0413","10.6400"
"600390.SH","五矿资本","2015-10-19","13.6800","14.5200","14.8000","13.5100","0.6900","4.9892","13.8300"
"600390.SH","五矿资本","2015-09-28","10.5800","11.0900","11.1600","10.1000","0.5100","4.8204","10.5800"
"600390.SH","五矿资本","2015-09-29","10.7100","10.7400","11.4400","10.5600","-0.3500","-3.1560","11.0900"
"600390.SH","五矿资本","2015-10-27","13.1700","13.1900","13.3500","12.4500","-0.3500","-2.5849","13.5400"
"600390.SH","五矿资本","2015-11-06","14.0500","14.3400","14.5000","14.0500","0.1100","0.7730","14.2300"
"600390.SH","五矿资本","2015-11-09","14.0900","14.3600","14.8000","13.7200","0.0200","0.1395","14.3400"
"600390.SH","五矿资本","2015-11-10","14.1800","15.8000","15.8000","14.1800","1.4400","10.0279","14.3600"
"600390.SH","五矿资本","2015-11-11","16.2000","15.5900","16.4500","15.3200","-0.2100","-1.3291","15.8000"
"600390.SH","五矿资本","2015-11-12","15.4400","17.0100","17.1500","15.4200","1.4200","9.1084","15.5900"
"600390.SH","五矿资本","2015-11-13","16.4000","17.1100","17.4000","15.5700","0.1000","0.5879","17.0100"
"600390.SH","五矿资本","2015-11-16","16.5200","16.7900","16.8700","16.3800","-0.3200","-1.8702","17.1100"
"600390.SH","五矿资本","2015-11-17","17.0000","16.2600","17.0000","15.8800","-0.5300","-3.1566","16.7900"
"600390.SH","五矿资本","2015-11-18","16.3000","15.1500","16.4900","15.0000","-1.1100","-6.8266","16.2600"
"600390.SH","五矿资本","2015-11-19","15.2900","15.5900","15.8500","14.9400","0.4400","2.9043","15.1500"
"600390.SH","五矿资本","2015-11-20","15.5200","15.4900","15.9500","15.2000","-0.1000","-0.6414","15.5900"
"600390.SH","五矿资本","2015-11-23","15.3500","15.0400","15.8400","14.9700","-0.4500","-2.9051","15.4900"
"600390.SH","五矿资本","2015-11-24","15.1400","15.4400","15.6800","15.0000","0.4000","2.6596","15.0400"
"600390.SH","五矿资本","2015-11-25","15.6600","15.7500","16.1000","15.5000","0.3100","2.0078","15.4400"
"600390.SH","五矿资本","2015-11-26","15.9500","15.3900","15.9500","15.3100","-0.3600","-2.2857","15.7500"
"600390.SH","五矿资本","2015-11-27","15.3800","13.8500","15.6500","13.8500","-1.5400","-10.0065","15.3900"
"600390.SH","五矿资本","2015-11-30","13.8500","13.8400","14.0800","12.7300","-0.0100","-0.0722","13.8500"
"600390.SH","五矿资本","2015-12-01","13.6000","13.7900","13.9000","13.3600","-0.0500","-0.3613","13.8400"
"600390.SH","五矿资本","2015-12-02","13.6500","13.9000","14.1000","13.4900","0.1100","0.7977","13.7900"
"600390.SH","五矿资本","2015-12-03","14.0400","14.2100","14.3100","13.9100","0.3100","2.2302","13.9000"
"600390.SH","五矿资本","2015-12-04","14.1000","13.7200","14.3400","13.6000","-0.4900","-3.4483","14.2100"
"600390.SH","五矿资本","2015-12-07","13.7400","14.6100","14.7500","13.7300","0.8900","6.4869","13.7200"
"600390.SH","五矿资本","2015-12-08","14.3200","14.9800","16.0500","14.1400","0.3700","2.5325","14.6100"
"600390.SH","五矿资本","2015-12-09","15.0300","16.4800","16.4800","14.9100","1.5000","10.0134","14.9800"
"600390.SH","五矿资本","2015-12-10","17.5000","16.6000","18.1000","16.4800","0.1200","0.7282","16.4800"
"600390.SH","五矿资本","2015-12-11","16.0100","15.2600","16.2800","15.1200","-1.3400","-8.0723","16.6000"
"600390.SH","五矿资本","2015-12-14","15.0100","15.5100","15.6100","14.8000","0.2500","1.6383","15.2600"
"600390.SH","五矿资本","2015-12-15","15.5200","15.7000","15.9800","15.2600","0.1900","1.2250","15.5100"
"600390.SH","五矿资本","2015-12-16","15.6500","15.4200","15.7500","15.3200","-0.2800","-1.7834","15.7000"
"600390.SH","五矿资本","2015-12-17","15.4400","15.6400","15.9500","15.4400","0.2200","1.4267","15.4200"
"600390.SH","五矿资本","2015-12-18","15.6400","15.8000","16.3800","15.4000","0.1600","1.0230","15.6400"
"600390.SH","五矿资本","2015-12-21","15.4800","15.5000","15.6700","15.1900","-0.3000","-1.8987","15.8000"
"600390.SH","五矿资本","2015-12-22","15.4300","15.5000","15.6000","15.2000","0.0000","0.0000","15.5000"
"600390.SH","五矿资本","2015-12-23","15.4500","14.8200","15.5000","14.7500","-0.6800","-4.3871","15.5000"
"600390.SH","五矿资本","2015-12-24","14.7200","14.7700","14.9400","14.5200","-0.0500","-0.3374","14.8200"
"600390.SH","五矿资本","2015-12-25","15.0000","15.2500","15.7600","14.8800","0.4800","3.2498","14.7700"
"600390.SH","五矿资本","2015-12-28","15.6000","15.4500","16.1800","15.3100","0.2000","1.3115","15.2500"
"600390.SH","五矿资本","2015-12-29","15.0500","15.9900","16.1000","14.8000","0.5400","3.4951","15.4500"
"600390.SH","五矿资本","2015-12-30","15.9900","15.8800","16.1800","15.6600","-0.1100","-0.6879","15.9900"
"600390.SH","五矿资本","2015-12-31","15.8800","15.9100","16.3300","15.7100","0.0300","0.1889","15.8800"
"600390.SH","五矿资本","2016-01-04","15.7800","14.3200","15.7900","14.3200","-1.5900","-9.9937","15.9100"
"600390.SH","五矿资本","2016-01-06","13.3000","13.6000","13.7000","13.3000","0.3300","2.4868","13.2700"
"600390.SH","五矿资本","2016-01-07","13.1900","12.2400","13.2600","12.2400","-1.3600","-10.0000","13.6000"
"600390.SH","五矿资本","2016-01-11","11.7100","10.8100","11.8700","10.8100","-1.2000","-9.9917","12.0100"
"600390.SH","五矿资本","2016-01-15","10.7200","10.6300","11.0600","10.5000","-0.2100","-1.9373","10.8400"
"600390.SH","五矿资本","2016-01-20","11.4000","11.4300","11.6600","11.2800","-0.1800","-1.5504","11.6100"
"600390.SH","五矿资本","2016-01-22","10.9600","11.3900","11.4800","10.8500","0.4400","4.0183","10.9500"
"600390.SH","五矿资本","2016-01-25","11.4900","11.5300","11.5700","11.3600","0.1400","1.2291","11.3900"
"600390.SH","五矿资本","2016-01-27","10.4200","10.7900","10.9300","9.5200","0.3600","3.4516","10.4300"
"600390.SH","五矿资本","2016-01-28","10.6000","10.6300","11.1400","10.5200","-0.1600","-1.4829","10.7900"
"600390.SH","五矿资本","2016-02-01","10.8600","11.2600","11.6600","10.8600","-0.1500","-1.3146","11.4100"
"600390.SH","五矿资本","2016-02-05","12.8200","12.8200","12.8200","12.8200","","","12.8200"
"600390.SH","五矿资本","2016-02-17","12.8200","12.8200","12.8200","12.8200","","","12.8200"
"600390.SH","五矿资本","2016-02-19","12.8200","12.8200","12.8200","12.8200","","","12.8200"
"600390.SH","五矿资本","2016-02-22","12.8200","12.8200","12.8200","12.8200","","","12.8200"
"600390.SH","五矿资本","2016-02-23","12.8200","12.8200","12.8200","12.8200","","","12.8200"
"600390.SH","五矿资本","2016-01-05","12.8900","13.2700","13.9700","12.8900","-1.0500","-7.3324","14.3200"
"600390.SH","五矿资本","2016-01-26","11.3900","10.4300","11.4700","10.3800","-1.1000","-9.5403","11.5300"
"600390.SH","五矿资本","2016-01-08","12.6500","12.0100","12.8000","11.1100","-0.2300","-1.8791","12.2400"
"600390.SH","五矿资本","2016-01-29","10.6300","11.4100","11.4700","10.6300","0.7800","7.3377","10.6300"
"600390.SH","五矿资本","2016-01-12","10.9000","11.0500","11.1500","10.5000","0.2400","2.2202","10.8100"
"600390.SH","五矿资本","2016-02-02","11.1500","11.6500","11.8800","11.1100","0.3900","3.4636","11.2600"
"600390.SH","五矿资本","2016-01-13","11.0000","10.2800","11.1500","10.1500","-0.7700","-6.9683","11.0500"
"600390.SH","五矿资本","2016-02-03","11.4600","12.8200","12.8200","11.3300","1.1700","10.0429","11.6500"
"600390.SH","五矿资本","2016-01-14","9.7800","10.8400","10.8600","9.7800","0.5600","5.4475","10.2800"
"600390.SH","五矿资本","2016-01-18","10.2500","11.2600","11.5000","10.2500","0.6300","5.9266","10.6300"
"600390.SH","五矿资本","2016-02-04","12.8200","12.8200","12.8200","12.8200","","","12.8200"
"600390.SH","五矿资本","2016-02-15","12.8200","12.8200","12.8200","12.8200","","","12.8200"
"600390.SH","五矿资本","2016-01-19","11.1000","11.6100","11.6800","11.0000","0.3500","3.1083","11.2600"
"600390.SH","五矿资本","2016-02-16","12.8200","12.8200","12.8200","12.8200","","","12.8200"
"600390.SH","五矿资本","2016-01-21","11.1600","10.9500","11.5600","10.8900","-0.4800","-4.1995","11.4300"
"600390.SH","五矿资本","2016-02-18","12.8200","12.8200","12.8200","12.8200","","","12.8200"
"600390.SH","五矿资本","2016-02-24","12.8200","12.8200","12.8200","12.8200","","","12.8200"
"600390.SH","五矿资本","2016-02-25","12.8200","12.8200","12.8200","12.8200","","","12.8200"
"600390.SH","五矿资本","2016-02-26","12.8200","12.8200","12.8200","12.8200","","","12.8200"
"600390.SH","五矿资本","2016-02-29","12.8200","12.8200","12.8200","12.8200","","","12.8200"
"600390.SH","五矿资本","2016-03-01","12.8200","12.8200","12.8200","12.8200","","","12.8200"
"600390.SH","五矿资本","2016-03-02","12.8200","12.8200","12.8200","12.8200","","","12.8200"
"600390.SH","五矿资本","2016-03-03","12.8200","12.8200","12.8200","12.8200","","","12.8200"
"600390.SH","五矿资本","2016-03-04","12.8200","12.8200","12.8200","12.8200","","","12.8200"
"600390.SH","五矿资本","2016-03-07","12.8200","12.8200","12.8200","12.8200","","","12.8200"
"600390.SH","五矿资本","2016-03-08","12.8200","12.8200","12.8200","12.8200","","","12.8200"
"600390.SH","五矿资本","2016-03-09","12.8200","12.8200","12.8200","12.8200","","","12.8200"
"600390.SH","五矿资本","2016-03-10","12.8200","12.8200","12.8200","12.8200","","","12.8200"
"600390.SH","五矿资本","2016-03-11","12.8200","12.8200","12.8200","12.8200","","","12.8200"
"600390.SH","五矿资本","2016-03-14","12.8200","12.8200","12.8200","12.8200","","","12.8200"
"600390.SH","五矿资本","2016-03-15","12.8200","12.8200","12.8200","12.8200","","","12.8200"
"600390.SH","五矿资本","2016-03-16","12.8200","12.8200","12.8200","12.8200","","","12.8200"
"600390.SH","五矿资本","2016-03-17","12.8200","12.8200","12.8200","12.8200","","","12.8200"
"600390.SH","五矿资本","2016-03-18","12.8200","12.8200","12.8200","12.8200","","","12.8200"
"600390.SH","五矿资本","2016-03-21","12.8200","12.8200","12.8200","12.8200","","","12.8200"
"600390.SH","五矿资本","2016-03-22","12.8200","12.8200","12.8200","12.8200","","","12.8200"
"600390.SH","五矿资本","2016-03-23","12.8200","12.8200","12.8200","12.8200","","","12.8200"
"600390.SH","五矿资本","2016-03-24","12.8200","12.8200","12.8200","12.8200","","","12.8200"
"600390.SH","五矿资本","2016-03-25","12.8200","12.8200","12.8200","12.8200","","","12.8200"
"600390.SH","五矿资本","2016-03-28","12.8200","12.8200","12.8200","12.8200","","","12.8200"
"600390.SH","五矿资本","2016-03-29","12.8200","12.8200","12.8200","12.8200","","","12.8200"
"600390.SH","五矿资本","2016-03-30","12.8200","12.8200","12.8200","12.8200","","","12.8200"
"600390.SH","五矿资本","2016-03-31","12.8200","12.8200","12.8200","12.8200","","","12.8200"
"600390.SH","五矿资本","2016-04-01","12.8200","12.8200","12.8200","12.8200","","","12.8200"
"600390.SH","五矿资本","2016-04-05","12.8200","12.8200","12.8200","12.8200","","","12.8200"
"600390.SH","五矿资本","2016-04-06","12.8200","12.8200","12.8200","12.8200","","","12.8200"
"600390.SH","五矿资本","2016-04-07","12.8200","12.8200","12.8200","12.8200","","","12.8200"
"600390.SH","五矿资本","2016-04-08","12.8200","12.8200","12.8200","12.8200","","","12.8200"
"600390.SH","五矿资本","2016-04-11","12.8200","12.8200","12.8200","12.8200","","","12.8200"
"600390.SH","五矿资本","2016-04-12","12.8200","12.8200","12.8200","12.8200","","","12.8200"
"600390.SH","五矿资本","2016-04-13","12.8200","12.8200","12.8200","12.8200","","","12.8200"
"600390.SH","五矿资本","2016-04-14","12.8200","12.8200","12.8200","12.8200","","","12.8200"
"600390.SH","五矿资本","2016-04-18","12.8200","12.8200","12.8200","12.8200","","","12.8200"
"600390.SH","五矿资本","2016-04-19","12.8200","12.8200","12.8200","12.8200","","","12.8200"
"600390.SH","五矿资本","2016-04-20","12.8200","12.8200","12.8200","12.8200","","","12.8200"
"600390.SH","五矿资本","2016-04-21","12.8200","12.8200","12.8200","12.8200","","","12.8200"
"600390.SH","五矿资本","2016-04-22","12.8200","12.8200","12.8200","12.8200","","","12.8200"
"600390.SH","五矿资本","2016-04-25","12.8200","12.8200","12.8200","12.8200","","","12.8200"
"600390.SH","五矿资本","2016-04-26","12.8200","12.8200","12.8200","12.8200","","","12.8200"
"600390.SH","五矿资本","2016-04-27","12.8200","12.8200","12.8200","12.8200","","","12.8200"
"600390.SH","五矿资本","2016-04-28","12.8200","12.8200","12.8200","12.8200","","","12.8200"
"600390.SH","五矿资本","2016-04-29","12.8200","12.8200","12.8200","12.8200","","","12.8200"
"600390.SH","五矿资本","2016-05-03","12.8200","12.8200","12.8200","12.8200","","","12.8200"
"600390.SH","五矿资本","2016-05-04","12.8200","12.8200","12.8200","12.8200","","","12.8200"
"600390.SH","五矿资本","2016-05-05","12.8200","12.8200","12.8200","12.8200","","","12.8200"
"600390.SH","五矿资本","2016-05-06","12.8200","12.8200","12.8200","12.8200","","","12.8200"
"600390.SH","五矿资本","2016-05-10","12.8200","12.8200","12.8200","12.8200","","","12.8200"
"600390.SH","五矿资本","2016-05-11","12.8200","12.8200","12.8200","12.8200","","","12.8200"
"600390.SH","五矿资本","2016-05-12","12.8200","12.8200","12.8200","12.8200","","","12.8200"
"600390.SH","五矿资本","2016-05-13","12.8200","12.8200","12.8200","12.8200","","","12.8200"
"600390.SH","五矿资本","2016-05-16","12.8200","12.8200","12.8200","12.8200","","","12.8200"
"600390.SH","五矿资本","2016-05-17","12.8200","12.8200","12.8200","12.8200","","","12.8200"
"600390.SH","五矿资本","2016-05-18","12.8200","12.8200","12.8200","12.8200","","","12.8200"
"600390.SH","五矿资本","2016-05-19","12.8200","12.8200","12.8200","12.8200","","","12.8200"
"600390.SH","五矿资本","2016-05-20","12.8200","12.8200","12.8200","12.8200","","","12.8200"
"600390.SH","五矿资本","2016-05-23","12.8200","12.8200","12.8200","12.8200","","","12.8200"
"600390.SH","五矿资本","2016-05-24","12.8200","12.8200","12.8200","12.8200","","","12.8200"
"600390.SH","五矿资本","2016-05-25","12.8200","12.8200","12.8200","12.8200","","","12.8200"
"600390.SH","五矿资本","2016-05-26","12.8200","12.8200","12.8200","12.8200","","","12.8200"
"600390.SH","五矿资本","2016-05-27","12.8200","12.8200","12.8200","12.8200","","","12.8200"
"600390.SH","五矿资本","2016-05-31","12.8200","12.8200","12.8200","12.8200","","","12.8200"
"600390.SH","五矿资本","2016-06-01","12.8200","12.8200","12.8200","12.8200","","","12.8200"
"600390.SH","五矿资本","2016-04-15","12.8200","12.8200","12.8200","12.8200","","","12.8200"
"600390.SH","五矿资本","2016-05-09","12.8200","12.8200","12.8200","12.8200","","","12.8200"
"600390.SH","五矿资本","2016-05-30","12.8200","12.8200","12.8200","12.8200","","","12.8200"
"600390.SH","五矿资本","2016-06-02","12.8200","12.8200","12.8200","12.8200","","","12.8200"
"600390.SH","五矿资本","2016-06-03","12.8200","12.8200","12.8200","12.8200","","","12.8200"
"600390.SH","五矿资本","2016-06-06","12.8200","12.8200","12.8200","12.8200","","","12.8200"
"600390.SH","五矿资本","2016-06-07","12.8200","12.8200","12.8200","12.8200","","","12.8200"
"600390.SH","五矿资本","2016-06-08","13.4600","13.4600","13.4600","13.4600","0.6400","4.9922","12.8200"
"600390.SH","五矿资本","2016-06-13","14.1300","14.1300","14.1300","14.1300","0.6700","4.9777","13.4600"
"600390.SH","五矿资本","2016-06-14","14.8400","13.4200","14.8400","13.4200","-0.7100","-5.0248","14.1300"
"600390.SH","五矿资本","2016-06-15","12.7500","13.2500","13.8000","12.7500","-0.1700","-1.2668","13.4200"
"600390.SH","五矿资本","2016-06-16","13.1300","13.2900","13.6600","12.9200","0.0400","0.3019","13.2500"
"600390.SH","五矿资本","2016-06-17","13.3000","12.7300","13.5000","12.6700","-0.5600","-4.2137","13.2900"
"600390.SH","五矿资本","2016-06-20","12.4400","13.3700","13.3700","12.3400","0.6400","5.0275","12.7300"
"600390.SH","五矿资本","2016-06-21","13.3700","13.4400","14.0000","13.2800","0.0700","0.5236","13.3700"
"600390.SH","五矿资本","2016-06-22","13.4500","13.3500","13.7800","13.2200","-0.0900","-0.6696","13.4400"
"600390.SH","五矿资本","2016-06-23","13.3300","12.9100","13.3300","12.7500","-0.4400","-3.2959","13.3500"
"600390.SH","五矿资本","2016-06-24","12.9200","12.5800","13.0900","12.3400","-0.3300","-2.5562","12.9100"
"600390.SH","五矿资本","2016-06-27","12.6800","13.0600","13.2000","12.5800","0.4800","3.8156","12.5800"
"600390.SH","五矿资本","2016-06-28","12.9000","13.0800","13.2800","12.7800","0.0200","0.1531","13.0600"
"600390.SH","五矿资本","2016-06-29","13.1100","13.1400","13.1900","12.9400","0.0600","0.4587","13.0800"
"600390.SH","五矿资本","2016-06-30","13.3300","13.4500","13.7500","13.1800","0.3100","2.3592","13.1400"
"600390.SH","五矿资本","2016-07-01","13.4600","13.7300","13.8000","13.3000","0.2800","2.0818","13.4500"
"600390.SH","五矿资本","2016-07-04","13.6800","14.0600","14.1600","13.5000","0.3300","2.4035","13.7300"
"600390.SH","五矿资本","2016-07-05","14.0800","14.0500","14.2900","13.9300","-0.0100","-0.0711","14.0600"
"600390.SH","五矿资本","2016-07-06","14.2300","13.9600","14.3000","13.9000","-0.0900","-0.6406","14.0500"
"600390.SH","五矿资本","2016-07-07","13.7000","13.6200","13.8900","13.4400","-0.3400","-2.4355","13.9600"
"600390.SH","五矿资本","2016-07-08","13.4600","13.6500","13.8700","13.4600","0.0300","0.2203","13.6200"
"600390.SH","五矿资本","2016-07-12","13.3000","13.2400","13.3600","12.9800","0.0500","0.3791","13.1900"
"600390.SH","五矿资本","2016-07-13","13.2500","13.3300","13.4000","13.1800","0.0900","0.6798","13.2400"
"600390.SH","五矿资本","2016-07-14","13.2900","12.7700","13.3000","12.6600","-0.5600","-4.2010","13.3300"
"600390.SH","五矿资本","2016-07-15","12.8900","12.9000","12.9700","12.6800","0.1300","1.0180","12.7700"
"600390.SH","五矿资本","2016-07-18","12.8500","13.1100","13.2100","12.8200","0.2100","1.6279","12.9000"
"600390.SH","五矿资本","2016-07-19","13.1200","13.0000","13.1300","12.8200","-0.1100","-0.8391","13.1100"
"600390.SH","五矿资本","2016-07-20","12.9700","12.9300","13.1500","12.8500","-0.0700","-0.5385","13.0000"
"600390.SH","五矿资本","2016-07-21","12.9700","12.9700","13.0400","12.8500","0.0400","0.3094","12.9300"
"600390.SH","五矿资本","2016-07-22","12.9900","13.1500","13.2500","12.9300","0.1800","1.3878","12.9700"
"600390.SH","五矿资本","2016-07-25","13.1500","13.0800","13.1600","13.0200","-0.0700","-0.5323","13.1500"
"600390.SH","五矿资本","2016-07-26","13.1700","13.2400","13.3500","13.1200","0.1600","1.2232","13.0800"
"600390.SH","五矿资本","2016-07-27","13.5500","13.0700","13.6500","12.8200","-0.1700","-1.2840","13.2400"
"600390.SH","五矿资本","2016-07-29","13.2000","13.1000","13.5500","13.0600","-0.1700","-1.2811","13.2700"
"600390.SH","五矿资本","2016-08-02","12.6600","12.6700","12.7400","12.5000","0.0600","0.4758","12.6100"
"600390.SH","五矿资本","2016-08-03","12.7100","12.8700","12.9800","12.6300","0.2000","1.5785","12.6700"
"600390.SH","五矿资本","2016-08-04","12.8700","12.9200","12.9800","12.7600","0.0500","0.3885","12.8700"
"600390.SH","五矿资本","2016-08-05","12.8500","12.9200","12.9500","12.8200","0.0000","0.0000","12.9200"
"600390.SH","五矿资本","2016-08-08","12.9000","13.2700","13.3000","12.9000","0.3500","2.7090","12.9200"
"600390.SH","五矿资本","2016-08-09","13.2600","13.4200","13.5600","13.2500","0.1500","1.1304","13.2700"
"600390.SH","五矿资本","2016-08-10","13.4200","13.5500","13.7500","13.3400","0.1300","0.9687","13.4200"
"600390.SH","五矿资本","2016-08-11","13.5100","13.1900","13.5100","13.1100","-0.3600","-2.6568","13.5500"
"600390.SH","五矿资本","2016-08-12","13.1800","13.2100","13.3400","13.0700","0.0200","0.1516","13.1900"
"600390.SH","五矿资本","2016-08-15","13.2200","13.4400","13.5800","13.0900","0.2300","1.7411","13.2100"
"600390.SH","五矿资本","2016-08-16","13.3800","13.3700","13.5200","13.3400","-0.0700","-0.5208","13.4400"
"600390.SH","五矿资本","2016-08-17","13.2400","13.3900","13.4300","13.1600","0.0200","0.1496","13.3700"
"600390.SH","五矿资本","2016-08-19","13.2600","13.3200","13.3800","13.2500","-0.0500","-0.3740","13.3700"
"600390.SH","五矿资本","2016-08-23","13.2900","13.3600","13.6300","13.2200","0.1300","0.9826","13.2300"
"600390.SH","五矿资本","2016-08-24","13.4300","13.3700","13.4500","13.3300","0.0100","0.0749","13.3600"
"600390.SH","五矿资本","2016-08-25","13.3300","13.4100","13.4500","13.2500","0.0400","0.2992","13.3700"
"600390.SH","五矿资本","2016-08-26","13.3300","13.8000","14.0800","13.3300","0.3900","2.9083","13.4100"
"600390.SH","五矿资本","2016-08-29","13.9400","13.8900","13.9400","13.7100","0.0900","0.6522","13.8000"
"600390.SH","五矿资本","2016-08-30","13.9300","13.9000","13.9700","13.7500","0.0100","0.0720","13.8900"
"600390.SH","五矿资本","2016-08-31","13.9300","13.9200","13.9300","13.7200","0.0200","0.1439","13.9000"
"600390.SH","五矿资本","2016-09-01","13.9200","13.8700","13.9500","13.7400","-0.0500","-0.3592","13.9200"
"600390.SH","五矿资本","2016-09-02","13.8000","13.9000","14.1300","13.7400","0.0300","0.2163","13.8700"
"600390.SH","五矿资本","2016-09-05","13.9000","13.9000","13.9700","13.8100","0.0000","0.0000","13.9000"
"600390.SH","五矿资本","2016-09-06","13.9100","13.9700","14.0300","13.8000","0.0700","0.5036","13.9000"
"600390.SH","五矿资本","2016-09-07","13.9700","14.2800","14.4400","13.9500","0.3100","2.2190","13.9700"
"600390.SH","五矿资本","2016-09-08","14.2700","14.3400","14.4700","14.2100","0.0600","0.4202","14.2800"
"600390.SH","五矿资本","2016-07-11","13.5800","13.1900","13.6500","13.1800","-0.4600","-3.3700","13.6500"
"600390.SH","五矿资本","2016-08-01","13.0000","12.6100","13.0000","12.4500","-0.4900","-3.7405","13.1000"
"600390.SH","五矿资本","2016-08-22","13.3000","13.2300","13.4000","13.2000","-0.0900","-0.6757","13.3200"
"600390.SH","五矿资本","2016-07-28","12.9900","13.2700","13.4200","12.9100","0.2000","1.5302","13.0700"
"600390.SH","五矿资本","2016-08-18","13.4500","13.3700","13.4900","13.3300","-0.0200","-0.1494","13.3900"
"600390.SH","五矿资本","2016-09-09","14.2800","14.4400","14.5400","14.2300","0.1000","0.6973","14.3400"
"600390.SH","五矿资本","2016-09-12","14.2500","13.9700","14.3800","13.9500","-0.4700","-3.2548","14.4400"
"600390.SH","五矿资本","2016-09-13","14.0800","14.3600","14.4500","14.0200","0.3900","2.7917","13.9700"
"600390.SH","五矿资本","2016-09-14","14.2700","14.5900","14.8000","14.2700","0.2300","1.6017","14.3600"
"600390.SH","五矿资本","2016-09-19","14.6100","14.6200","14.8000","14.4100","0.0300","0.2056","14.5900"
"600390.SH","五矿资本","2016-09-20","14.6200","14.7000","14.7500","14.5300","0.0800","0.5472","14.6200"
"600390.SH","五矿资本","2016-09-21","14.7000","15.0200","15.4400","14.6600","0.3200","2.1769","14.7000"
"600390.SH","五矿资本","2016-09-22","15.1800","15.5400","15.6500","15.0800","0.5200","3.4620","15.0200"
"600390.SH","五矿资本","2016-09-23","15.6400","15.3600","15.8200","15.3500","-0.1800","-1.1583","15.5400"
"600390.SH","五矿资本","2016-09-26","15.3800","14.8400","15.5000","14.8000","-0.5200","-3.3854","15.3600"
"600390.SH","五矿资本","2016-09-27","14.8100","15.0600","15.5800","14.7800","0.2200","1.4825","14.8400"
"600390.SH","五矿资本","2016-09-28","15.1000","14.9500","15.1800","14.7600","-0.1100","-0.7304","15.0600"
"600390.SH","五矿资本","2016-09-29","14.9500","14.9500","14.9500","14.9500","","","14.9500"
"600390.SH","五矿资本","2016-09-30","14.9500","14.9500","14.9500","14.9500","","","14.9500"
"600390.SH","五矿资本","2016-10-10","14.9500","14.9500","14.9500","14.9500","","","14.9500"
"600390.SH","五矿资本","2016-10-11","14.9500","14.9500","14.9500","14.9500","","","14.9500"
"600390.SH","五矿资本","2016-10-12","14.9500","14.9500","14.9500","14.9500","","","14.9500"
"600390.SH","五矿资本","2016-10-13","14.9500","14.9500","14.9500","14.9500","","","14.9500"
"600390.SH","五矿资本","2016-10-14","14.9500","14.9500","14.9500","14.9500","","","14.9500"
"600390.SH","五矿资本","2016-10-17","14.9500","14.9500","14.9500","14.9500","","","14.9500"
"600390.SH","五矿资本","2016-10-18","14.9500","14.9500","14.9500","14.9500","","","14.9500"
"600390.SH","五矿资本","2016-10-19","14.9500","14.9500","14.9500","14.9500","","","14.9500"
"600390.SH","五矿资本","2016-10-20","14.9500","14.9500","14.9500","14.9500","","","14.9500"
"600390.SH","五矿资本","2016-10-21","14.9500","14.9500","14.9500","14.9500","","","14.9500"
"600390.SH","五矿资本","2016-10-24","14.9500","14.9500","14.9500","14.9500","","","14.9500"
"600390.SH","五矿资本","2016-10-25","14.9500","14.9500","14.9500","14.9500","","","14.9500"
"600390.SH","五矿资本","2016-10-26","14.9500","14.9500","14.9500","14.9500","","","14.9500"
"600390.SH","五矿资本","2016-10-27","14.9500","14.9500","14.9500","14.9500","","","14.9500"
"600390.SH","五矿资本","2016-10-28","14.9500","14.9500","14.9500","14.9500","","","14.9500"
"600390.SH","五矿资本","2016-10-31","14.9500","14.9500","14.9500","14.9500","","","14.9500"
"600390.SH","五矿资本","2016-11-01","14.9500","14.9500","14.9500","14.9500","","","14.9500"
"600390.SH","五矿资本","2016-11-02","14.9500","14.9500","14.9500","14.9500","","","14.9500"
"600390.SH","五矿资本","2016-11-03","14.9500","14.9500","14.9500","14.9500","","","14.9500"
"600390.SH","五矿资本","2016-11-04","14.9500","14.9500","14.9500","14.9500","","","14.9500"
"600390.SH","五矿资本","2016-11-07","14.9500","14.9500","14.9500","14.9500","","","14.9500"
"600390.SH","五矿资本","2016-11-08","14.9500","14.9500","14.9500","14.9500","","","14.9500"
"600390.SH","五矿资本","2016-11-09","14.9500","14.9500","14.9500","14.9500","","","14.9500"
"600390.SH","五矿资本","2016-11-10","14.9500","14.9500","14.9500","14.9500","","","14.9500"
"600390.SH","五矿资本","2016-11-11","14.9500","14.9500","14.9500","14.9500","","","14.9500"
"600390.SH","五矿资本","2016-11-14","15.4600","14.4500","15.4600","14.3400","-0.5000","-3.3445","14.9500"
"600390.SH","五矿资本","2016-11-15","14.4000","14.5300","14.7000","14.1500","0.0800","0.5536","14.4500"
"600390.SH","五矿资本","2016-11-16","14.5200","14.5800","14.6800","14.3600","0.0500","0.3441","14.5300"
"600390.SH","五矿资本","2016-11-17","14.5700","14.4500","14.6800","14.3200","-0.1300","-0.8916","14.5800"
"600390.SH","五矿资本","2016-11-18","14.4500","14.3800","14.5700","14.3600","-0.0700","-0.4844","14.4500"
"600390.SH","五矿资本","2016-11-21","14.3200","14.3800","14.5900","14.3100","0.0000","0.0000","14.3800"
"600390.SH","五矿资本","2016-11-22","14.4000","14.5700","14.6700","14.4000","0.1900","1.3213","14.3800"
"600390.SH","五矿资本","2016-11-23","14.5500","14.5900","14.8900","14.4500","0.0200","0.1373","14.5700"
"600390.SH","五矿资本","2016-11-24","14.6200","14.6200","14.7900","14.5600","0.0300","0.2056","14.5900"
"600390.SH","五矿资本","2016-11-25","14.6200","14.4500","14.7200","14.0000","-0.1700","-1.1628","14.6200"
"600390.SH","五矿资本","2016-11-28","14.4400","14.4500","14.6700","14.3500","0.0000","0.0000","14.4500"
"600390.SH","五矿资本","2016-11-29","14.4600","14.1000","14.4700","13.9200","-0.3500","-2.4221","14.4500"
"600390.SH","五矿资本","2016-11-30","14.0300","14.1400","14.1900","13.9800","0.0400","0.2837","14.1000"
"600390.SH","五矿资本","2016-12-01","14.1100","14.1100","14.1800","13.8900","-0.0300","-0.2122","14.1400"
"600390.SH","五矿资本","2016-12-02","14.1800","13.9300","14.2700","13.9200","-0.1800","-1.2757","14.1100"
"600390.SH","五矿资本","2016-12-05","13.7000","13.7200","13.9600","13.6100","-0.2100","-1.5075","13.9300"
"600390.SH","五矿资本","2016-12-06","13.7700","13.8600","13.8800","13.7400","0.1400","1.0204","13.7200"
"600390.SH","五矿资本","2016-12-07","13.9200","14.1400","14.2000","13.9000","0.2800","2.0202","13.8600"
"600390.SH","五矿资本","2016-12-08","14.1400","14.1400","14.2500","14.1200","0.0000","0.0000","14.1400"
"600390.SH","五矿资本","2016-12-09","14.2100","14.8500","14.8500","14.1500","0.7100","5.0212","14.1400"
"600390.SH","五矿资本","2016-12-12","14.8500","14.8500","14.8500","14.8500","","","14.8500"
"600390.SH","五矿资本","2016-12-13","14.8500","14.8500","14.8500","14.8500","","","14.8500"
"600390.SH","五矿资本","2016-12-14","14.8500","14.8500","14.8500","14.8500","","","14.8500"
"600390.SH","五矿资本","2016-12-15","14.8500","14.8500","14.8500","14.8500","","","14.8500"
"600390.SH","五矿资本","2016-12-16","14.8500","14.8500","14.8500","14.8500","","","14.8500"
"600390.SH","五矿资本","2016-12-19","15.2800","14.5700","15.5900","14.5500","-0.2800","-1.8855","14.8500"
"600390.SH","五矿资本","2016-12-20","14.7000","14.0100","14.7500","13.8500","-0.5600","-3.8435","14.5700"
"600390.SH","五矿资本","2016-12-21","14.1000","14.0400","14.1200","13.7700","0.0300","0.2141","14.0100"
"600390.SH","五矿资本","2016-12-22","13.9500","14.0800","14.1600","13.8100","0.0400","0.2849","14.0400"
"600390.SH","五矿资本","2016-12-23","14.0100","13.8900","14.0900","13.7400","-0.1900","-1.3494","14.0800"
"600390.SH","五矿资本","2016-12-26","13.8000","13.9500","14.0100","13.7100","0.0600","0.4320","13.8900"
"600390.SH","五矿资本","2016-12-27","14.0200","13.9900","14.4400","13.9500","0.0400","0.2867","13.9500"
"600390.SH","五矿资本","2016-12-28","13.9800","13.9100","14.1500","13.8800","-0.0800","-0.5718","13.9900"
"600390.SH","五矿资本","2016-12-29","13.9100","13.8500","14.0200","13.8100","-0.0600","-0.4313","13.9100"
"600390.SH","五矿资本","2016-12-30","13.9700","14.3200","14.3700","13.9700","0.4700","3.3935","13.8500"
"600390.SH","五矿资本","2017-01-03","14.2900","14.4000","14.4300","14.2200","0.0800","0.5587","14.3200"
"600390.SH","五矿资本","2017-01-04","14.3200","14.6800","14.7800","14.2800","0.2800","1.9444","14.4000"
"600390.SH","五矿资本","2017-01-05","14.6800","14.5700","14.9200","14.5500","-0.1100","-0.7493","14.6800"
"600390.SH","五矿资本","2017-01-06","14.5200","15.0700","15.1500","14.5200","0.5000","3.4317","14.5700"
"600390.SH","五矿资本","2017-01-09","15.1100","15.0000","15.2700","14.7900","-0.0700","-0.4645","15.0700"
"600390.SH","五矿资本","2017-01-10","15.1500","14.6700","15.2300","14.6300","-0.3300","-2.2000","15.0000"
"600390.SH","五矿资本","2017-01-11","14.6900","14.4900","14.7800","14.4100","-0.1800","-1.2270","14.6700"
"600390.SH","五矿资本","2017-01-12","14.4600","14.1600","14.5700","14.1000","-0.3300","-2.2774","14.4900"
"600390.SH","五矿资本","2017-01-13","14.2000","14.1400","14.4900","14.1000","-0.0200","-0.1412","14.1600"
"600390.SH","五矿资本","2017-01-16","14.0100","13.4300","14.0500","13.4300","-0.7100","-5.0212","14.1400"
"600390.SH","五矿资本","2017-01-17","13.3200","13.0700","13.4300","12.7600","-0.3600","-2.6806","13.4300"
"600390.SH","五矿资本","2017-01-18","13.0000","12.9700","13.1400","12.8300","-0.1000","-0.7651","13.0700"
"600390.SH","五矿资本","2017-01-19","13.0000","12.9900","13.2300","12.8800","0.0200","0.1542","12.9700"
"600390.SH","五矿资本","2017-01-20","12.8800","13.1800","13.1900","12.8800","0.1900","1.4627","12.9900"
"600390.SH","五矿资本","2017-01-23","13.2100","13.4400","13.4600","13.2100","0.2600","1.9727","13.1800"
"600390.SH","五矿资本","2017-01-24","13.4700","13.5300","13.6100","13.3000","0.0900","0.6696","13.4400"
"600390.SH","五矿资本","2017-01-25","13.6300","13.4600","13.6700","13.4400","-0.0700","-0.5174","13.5300"
"600390.SH","五矿资本","2017-01-26","13.5500","13.7500","13.8000","13.4500","0.2900","2.1545","13.4600"
"600390.SH","五矿资本","2017-02-03","13.6200","13.4500","13.7700","13.3800","-0.3000","-2.1818","13.7500"
"600390.SH","五矿资本","2017-02-06","13.4900","13.3700","13.5000","13.1800","-0.0800","-0.5948","13.4500"
"600390.SH","五矿资本","2017-02-07","13.3500","13.3000","13.3600","13.2100","-0.0700","-0.5236","13.3700"
"600390.SH","五矿资本","2017-02-08","13.2700","13.3000","13.3900","13.1400","0.0000","0.0000","13.3000"
"600390.SH","五矿资本","2017-02-09","13.3100","13.3300","13.4100","13.2600","0.0300","0.2256","13.3000"
"600390.SH","五矿资本","2017-02-10","13.3500","13.4700","13.5500","13.3500","0.1400","1.0503","13.3300"
"600390.SH","五矿资本","2017-02-13","13.4200","13.2600","13.4500","13.1800","-0.2100","-1.5590","13.4700"
"600390.SH","五矿资本","2017-02-14","13.2600","13.1800","13.3100","13.1200","-0.0800","-0.6033","13.2600"
"600390.SH","五矿资本","2017-02-15","13.2300","13.5400","13.8000","13.2300","0.3600","2.7314","13.1800"
"600390.SH","五矿资本","2017-02-16","13.5200","13.7700","13.9500","13.5100","0.2300","1.6987","13.5400"
"600390.SH","五矿资本","2017-02-17","13.7000","13.9800","14.0100","13.6300","0.2100","1.5250","13.7700"
"600390.SH","五矿资本","2017-02-20","13.9100","14.0100","14.1200","13.9100","0.0300","0.2146","13.9800"
"600390.SH","五矿资本","2017-02-21","13.9900","14.0400","14.2700","13.9900","0.0300","0.2141","14.0100"
"600390.SH","五矿资本","2017-02-22","14.0400","14.1200","14.1900","13.9000","0.0800","0.5698","14.0400"
"600390.SH","五矿资本","2017-02-23","14.1100","13.9000","14.1100","13.8700","-0.2200","-1.5581","14.1200"
"600390.SH","五矿资本","2017-02-24","13.9200","13.9600","14.0300","13.7900","0.0600","0.4317","13.9000"
"600390.SH","五矿资本","2017-02-27","14.0000","13.9000","14.0800","13.8600","-0.0600","-0.4298","13.9600"
"600390.SH","五矿资本","2017-02-28","13.9300","14.3700","14.4800","13.9000","0.4700","3.3813","13.9000"
"600390.SH","五矿资本","2017-03-01","14.3200","14.5500","14.8800","14.3200","0.1800","1.2526","14.3700"
"600390.SH","五矿资本","2017-03-02","14.5700","14.5800","14.8500","14.3700","0.0300","0.2062","14.5500"
"600390.SH","五矿资本","2017-03-03","14.5200","14.7600","14.8700","14.4800","0.1800","1.2346","14.5800"
"600390.SH","五矿资本","2017-03-06","14.8300","14.8400","14.9200","14.6300","0.0800","0.5420","14.7600"
"600390.SH","五矿资本","2017-03-07","14.8700","14.5300","14.9500","14.5000","-0.3100","-2.0890","14.8400"
"600390.SH","五矿资本","2017-03-08","14.5300","14.6500","14.7200","14.4300","0.1200","0.8259","14.5300"
"600390.SH","五矿资本","2017-03-09","14.5500","14.4100","14.6500","14.3600","-0.2400","-1.6382","14.6500"
"600390.SH","五矿资本","2017-03-10","14.4500","14.4900","14.6300","14.4000","0.0800","0.5552","14.4100"
"600390.SH","五矿资本","2017-03-13","14.4700","14.5300","14.5600","14.3000","0.0400","0.2761","14.4900"
"600390.SH","五矿资本","2017-03-14","14.5300","14.3900","14.5900","14.3400","-0.1400","-0.9635","14.5300"
"600390.SH","五矿资本","2017-03-15","14.5000","14.7700","14.9600","14.4800","0.3800","2.6407","14.3900"
"600390.SH","五矿资本","2017-03-16","14.7000","14.8900","14.9200","14.6600","0.1200","0.8125","14.7700"
"600390.SH","五矿资本","2017-03-17","14.9300","15.1400","15.5900","14.8300","0.2500","1.6790","14.8900"
"600390.SH","五矿资本","2017-03-20","15.1500","15.1200","15.3000","14.9700","-0.0200","-0.1321","15.1400"
"600390.SH","五矿资本","2017-03-21","15.0500","15.3100","15.4300","15.0500","0.1900","1.2566","15.1200"
"600390.SH","五矿资本","2017-03-22","15.2400","15.3800","15.5100","15.1200","0.0700","0.4572","15.3100"
"600390.SH","五矿资本","2017-03-23","15.3000","15.0400","15.4600","14.8500","-0.3400","-2.2107","15.3800"
"600390.SH","五矿资本","2017-03-24","15.0100","15.1600","15.3400","14.9900","0.1200","0.7979","15.0400"
"600390.SH","五矿资本","2017-03-27","15.2500","15.1300","15.3000","15.0800","-0.0300","-0.1979","15.1600"
"600390.SH","五矿资本","2017-03-28","15.0200","15.1100","15.1400","14.8900","-0.0200","-0.1322","15.1300"
"600390.SH","五矿资本","2017-03-29","15.0500","15.2700","15.3800","14.9200","0.1600","1.0589","15.1100"
"600390.SH","五矿资本","2017-03-30","15.1400","14.9200","15.4900","14.8100","-0.3500","-2.2921","15.2700"
"600390.SH","五矿资本","2017-03-31","14.9500","14.6800","15.0100","14.6500","-0.2400","-1.6086","14.9200"
"600390.SH","五矿资本","2017-04-05","14.6800","14.8000","14.9300","14.6800","0.1200","0.8174","14.6800"
"600390.SH","五矿资本","2017-04-06","14.9300","15.1400","15.4400","14.8800","0.3400","2.2973","14.8000"
"600390.SH","五矿资本","2017-04-07","15.1500","15.1600","15.2800","15.0600","0.0200","0.1321","15.1400"
"600390.SH","五矿资本","2017-04-10","15.1400","15.2500","15.3200","15.0300","0.0900","0.5937","15.1600"
"600390.SH","五矿资本","2017-04-11","15.2500","15.1700","15.2900","14.8600","-0.0800","-0.5246","15.2500"
"600390.SH","五矿资本","2017-04-12","15.1700","15.0600","15.2600","14.9800","-0.1100","-0.7251","15.1700"
"600390.SH","五矿资本","2017-04-13","15.0700","15.2000","15.2800","14.9700","0.1400","0.9296","15.0600"
"600390.SH","五矿资本","2017-04-14","15.2000","15.0000","15.2900","14.9700","-0.2000","-1.3158","15.2000"
"600390.SH","五矿资本","2017-04-17","15.0000","14.7500","15.0800","14.6800","-0.2500","-1.6667","15.0000"
"600390.SH","五矿资本","2017-04-18","14.7000","14.7300","14.8800","14.7000","-0.0200","-0.1356","14.7500"
"600390.SH","五矿资本","2017-04-19","14.7000","14.5500","14.7000","14.0000","-0.1800","-1.2220","14.7300"
"600390.SH","五矿资本","2017-04-20","14.4400","14.1800","14.5500","14.1600","-0.3700","-2.5430","14.5500"
"600390.SH","五矿资本","2017-04-21","14.2700","14.2800","14.3800","14.1400","0.1000","0.7052","14.1800"
"600390.SH","五矿资本","2017-04-24","14.1600","14.6700","14.8800","13.8500","0.3900","2.7311","14.2800"
"600390.SH","五矿资本","2017-04-25","14.6500","14.6700","14.9100","14.5800","0.0000","0.0000","14.6700"
"600390.SH","五矿资本","2017-04-26","14.5800","14.7700","14.8800","14.5200","0.1000","0.6817","14.6700"
"600390.SH","五矿资本","2017-04-27","14.7700","15.1400","15.3000","14.7100","0.3700","2.5051","14.7700"
"600390.SH","五矿资本","2017-04-28","15.2500","15.3100","15.3500","15.1100","0.1700","1.1229","15.1400"
"600390.SH","五矿资本","2017-05-02","15.3000","15.0300","15.3000","15.0000","-0.2800","-1.8289","15.3100"
"600390.SH","五矿资本","2017-05-03","15.0300","15.0300","15.0300","15.0300","","","15.0300"
"600390.SH","五矿资本","2017-05-04","15.2000","13.9200","15.2600","13.5700","-1.1100","-7.3852","15.0300"
"600390.SH","五矿资本","2017-05-05","13.5100","13.2400","13.8300","12.9700","-0.6800","-4.8851","13.9200"
"600390.SH","五矿资本","2017-05-08","13.1700","12.2000","13.1700","12.1600","-1.0400","-7.8550","13.2400"
"600390.SH","五矿资本","2017-05-09","12.2500","12.4200","12.5900","12.2200","0.2200","1.8033","12.2000"
"600390.SH","五矿资本","2017-05-10","12.4300","12.1900","12.7000","12.1600","-0.2300","-1.8519","12.4200"
"600390.SH","五矿资本","2017-05-11","12.1000","11.9100","12.1000","11.0300","-0.2800","-2.2970","12.1900"
"600390.SH","五矿资本","2017-05-12","11.8700","11.7600","12.0400","11.6700","-0.1500","-1.2594","11.9100"
"600390.SH","五矿资本","2017-05-15","11.8100","11.5400","12.0700","11.5000","-0.2200","-1.8708","11.7600"
"600390.SH","五矿资本","2017-05-16","11.6000","11.8400","11.9000","11.5100","0.3000","2.5997","11.5400"
"600390.SH","五矿资本","2017-05-17","11.8800","12.1200","12.1600","11.7200","0.2800","2.3649","11.8400"
"600390.SH","五矿资本","2017-05-18","11.9200","11.9700","12.1900","11.8700","-0.1500","-1.2376","12.1200"
"600390.SH","五矿资本","2017-05-19","12.0000","11.7900","12.1400","11.6400","-0.1800","-1.5038","11.9700"
"600390.SH","五矿资本","2017-05-22","11.7300","11.2700","11.8500","11.1700","-0.5200","-4.4105","11.7900"
"600390.SH","五矿资本","2017-05-23","11.1900","10.8600","11.2800","10.8000","-0.4100","-3.6380","11.2700"
"600390.SH","五矿资本","2017-05-24","10.7500","10.7900","10.8300","10.5200","-0.0700","-0.6446","10.8600"
"600390.SH","五矿资本","2017-05-25","10.8300","11.0100","11.1500","10.6000","0.2200","2.0389","10.7900"
"600390.SH","五矿资本","2017-05-26","10.9800","11.0400","11.2800","10.9500","0.0300","0.2725","11.0100"
"600390.SH","五矿资本","2017-05-31","11.2000","11.0600","11.3300","11.0400","0.0200","0.1812","11.0400"
"600390.SH","五矿资本","2017-06-01","11.0300","11.0200","11.1900","11.0100","-0.0400","-0.3617","11.0600"
"600390.SH","五矿资本","2017-06-02","11.0000","11.3800","11.4500","10.9100","0.3600","3.2668","11.0200"
"600390.SH","五矿资本","2017-06-05","11.4400","11.5800","11.6300","11.3000","0.2000","1.7575","11.3800"
"600390.SH","五矿资本","2017-06-06","11.5800","11.4500","11.6200","11.3400","-0.1300","-1.1226","11.5800"
"600390.SH","五矿资本","2017-06-07","11.5500","11.9100","12.0700","11.4700","0.4600","4.0175","11.4500"
"600390.SH","五矿资本","2017-06-08","11.9600","11.8700","12.0400","11.8000","-0.0400","-0.3359","11.9100"
"600390.SH","五矿资本","2017-06-09","11.8500","11.9600","11.9800","11.7500","0.0900","0.7582","11.8700"
"600390.SH","五矿资本","2017-06-12","11.9100","12.0300","12.1200","11.8500","0.0700","0.5853","11.9600"
"600390.SH","五矿资本","2017-06-13","12.0000","12.1200","12.1600","11.9100","0.0900","0.7481","12.0300"
"600390.SH","五矿资本","2017-06-14","12.0700","11.9900","12.1200","11.9100","-0.1300","-1.0726","12.1200"
"600390.SH","五矿资本","2017-06-15","11.9900","12.0900","12.1400","11.9000","0.1000","0.8340","11.9900"
"600390.SH","五矿资本","2017-06-16","12.0600","12.1000","12.1600","11.9800","0.0100","0.0827","12.0900"
"600390.SH","五矿资本","2017-06-19","12.0900","12.1400","12.1400","12.0400","0.0400","0.3306","12.1000"
"600390.SH","五矿资本","2017-06-20","12.0800","12.0300","12.1600","11.9000","-0.1100","-0.9061","12.1400"
"600390.SH","五矿资本","2017-06-21","12.0100","11.7600","12.0800","11.7300","-0.2700","-2.2444","12.0300"
"600390.SH","五矿资本","2017-06-22","11.8200","11.6100","11.9500","11.5800","-0.1500","-1.2755","11.7600"
"600390.SH","五矿资本","2017-06-23","11.6100","12.0300","12.0900","11.5600","0.4200","3.6176","11.6100"
"600390.SH","五矿资本","2017-06-26","12.0000","12.3900","12.4800","11.9300","0.3600","2.9925","12.0300"
"600390.SH","五矿资本","2017-06-27","12.3600","12.3100","12.7500","12.2700","-0.0800","-0.6457","12.3900"
"600390.SH","五矿资本","2017-06-28","12.3600","12.2000","12.4100","12.0500","-0.1100","-0.8936","12.3100"
"600390.SH","五矿资本","2017-06-29","12.2000","12.0900","12.2500","12.0000","-0.1100","-0.9016","12.2000"
"600390.SH","五矿资本","2017-06-30","12.0200","12.1100","12.1800","12.0000","0.0200","0.1654","12.0900"
"600390.SH","五矿资本","2017-07-03","12.1200","12.1600","12.2400","12.0300","0.0500","0.4129","12.1100"
"600390.SH","五矿资本","2017-07-04","12.1700","12.1000","12.2000","12.0700","-0.0600","-0.4934","12.1600"
"600390.SH","五矿资本","2017-07-05","12.1200","12.1900","12.2000","12.0000","0.0900","0.7438","12.1000"
"600390.SH","五矿资本","2017-07-06","12.1500","12.3800","12.4300","12.1400","0.1900","1.5587","12.1900"
"600390.SH","五矿资本","2017-07-07","12.3000","12.5500","12.6600","12.1200","0.1700","1.3732","12.3800"
"600390.SH","五矿资本","2017-07-10","12.5000","13.1800","13.3500","12.4400","0.6300","5.0199","12.5500"
"600390.SH","五矿资本","2017-07-11","13.1000","12.7800","13.2700","12.7000","-0.4000","-3.0349","13.1800"
"600390.SH","五矿资本","2017-07-12","12.9000","13.5700","13.6600","12.8500","0.7900","6.1815","12.7800"
"600390.SH","五矿资本","2017-07-13","13.4200","13.5700","13.8500","13.2300","0.0000","0.0000","13.5700"
"600390.SH","五矿资本","2017-07-14","13.3800","13.4800","13.5000","13.3100","-0.0900","-0.6632","13.5700"
"600390.SH","五矿资本","2017-07-17","13.2800","12.8100","13.5800","12.4300","-0.6700","-4.9703","13.4800"
"600390.SH","五矿资本","2017-07-18","12.5900","13.2000","13.2300","12.5900","0.3900","3.0445","12.8100"
"600390.SH","五矿资本","2017-07-19","13.2100","13.8100","13.9900","13.2100","0.6100","4.6212","13.2000"
"600390.SH","五矿资本","2017-07-20","13.5100","14.3000","14.5000","13.4500","0.4900","3.5482","13.8100"
"600390.SH","五矿资本","2017-07-21","14.0600","13.9600","14.2400","13.8800","-0.3400","-2.3776","14.3000"
"600390.SH","五矿资本","2017-07-24","13.9900","14.5000","14.8000","13.9400","0.5400","3.8682","13.9600"
"600390.SH","五矿资本","2017-07-25","14.3700","14.3700","14.8300","14.3000","-0.1300","-0.8966","14.5000"
"600390.SH","五矿资本","2017-07-26","14.2800","14.3200","14.4800","14.0200","-0.0500","-0.3479","14.3700"
"600390.SH","五矿资本","2017-07-27","14.1500","13.9900","14.3600","13.9300","-0.3300","-2.3045","14.3200"
"600390.SH","五矿资本","2017-07-28","13.9000","14.1100","14.4500","13.7200","0.1200","0.8578","13.9900"
"600390.SH","五矿资本","2017-07-31","14.0600","14.5400","14.6400","14.0600","0.4300","3.0475","14.1100"
"600390.SH","五矿资本","2017-08-01","14.5400","14.3900","14.7000","14.2000","-0.1500","-1.0316","14.5400"
"600390.SH","五矿资本","2017-08-02","14.3900","14.4100","14.6600","14.2900","0.0200","0.1390","14.3900"
"600390.SH","五矿资本","2017-08-03","14.2800","13.9400","14.3200","13.8700","-0.4700","-3.2616","14.4100"
"600390.SH","五矿资本","2017-08-04","13.9200","13.7900","14.1900","13.7600","-0.1500","-1.0760","13.9400"
"600390.SH","五矿资本","2017-08-07","13.7200","13.9100","13.9500","13.3700","0.1200","0.8702","13.7900"
"600390.SH","五矿资本","2017-08-08","14.0500","14.3500","14.6800","13.9800","0.4400","3.1632","13.9100"
"600390.SH","五矿资本","2017-08-09","14.1800","14.1300","14.1900","13.8500","-0.2200","-1.5331","14.3500"
"600390.SH","五矿资本","2017-08-10","14.0900","13.7400","14.0900","13.7000","-0.3900","-2.7601","14.1300"
"600390.SH","五矿资本","2017-08-11","13.6600","13.6300","14.1900","13.5300","-0.1100","-0.8006","13.7400"
"600390.SH","五矿资本","2017-08-14","13.6500","13.7700","13.8800","13.5800","0.1400","1.0271","13.6300"
"600390.SH","五矿资本","2017-08-15","13.6900","13.9000","14.0400","13.6400","0.1300","0.9441","13.7700"
"600390.SH","五矿资本","2017-08-16","13.8000","13.6800","13.9000","13.5500","-0.2200","-1.5827","13.9000"
"600390.SH","五矿资本","2017-08-17","13.8600","13.7000","13.8600","13.6200","0.0200","0.1462","13.6800"
"600390.SH","五矿资本","2017-08-18","13.5800","13.4200","13.6100","13.3400","-0.2800","-2.0438","13.7000"
"600390.SH","五矿资本","2017-08-21","13.5600","13.5100","13.6200","13.4100","0.0900","0.6706","13.4200"
"600390.SH","五矿资本","2017-08-22","13.5300","13.3000","13.5900","13.2900","-0.2100","-1.5544","13.5100"
"600390.SH","五矿资本","2017-08-23","13.3900","13.2500","13.4200","13.2200","-0.0500","-0.3759","13.3000"
"600390.SH","五矿资本","2017-08-24","13.2500","12.8600","13.3400","12.7900","-0.3900","-2.9434","13.2500"
"600390.SH","五矿资本","2017-08-25","12.8100","12.8800","13.0300","12.8100","0.0200","0.1555","12.8600"
"600390.SH","五矿资本","2017-08-28","12.9000","13.3200","13.3800","12.9000","0.4400","3.4161","12.8800"
"600390.SH","五矿资本","2017-08-29","13.4000","13.4000","13.5000","13.2800","0.0800","0.6006","13.3200"
"600390.SH","五矿资本","2017-08-30","13.4000","13.2300","13.4000","12.5000","-0.1700","-1.2687","13.4000"
"600390.SH","五矿资本","2017-08-31","13.2500","13.3700","13.3800","13.2000","0.1400","1.0582","13.2300"
"600390.SH","五矿资本","2017-09-01","13.3800","13.6000","13.6300","13.2700","0.2300","1.7203","13.3700"
"600390.SH","五矿资本","2017-09-04","13.6000","13.5700","13.7500","13.4700","-0.0300","-0.2206","13.6000"
"600390.SH","五矿资本","2017-09-05","13.6900","13.5100","13.6900","13.3700","-0.0600","-0.4421","13.5700"
"600390.SH","五矿资本","2017-09-06","13.4700","13.3500","13.4700","13.1600","-0.1600","-1.1843","13.5100"
"600390.SH","五矿资本","2017-09-07","13.4000","13.0600","13.4300","13.0100","-0.2900","-2.1723","13.3500"
"600390.SH","五矿资本","2017-09-08","13.0100","13.3100","13.3200","13.0000","0.2500","1.9142","13.0600"
"600390.SH","五矿资本","2017-09-11","13.3100","13.8200","13.8500","13.2300","0.5100","3.8317","13.3100"
"600390.SH","五矿资本","2017-09-12","13.8000","13.6900","14.1700","13.6500","-0.1300","-0.9407","13.8200"
"600390.SH","五矿资本","2017-09-13","13.7800","14.2500","14.2600","13.7000","0.5600","4.0906","13.6900"
"600390.SH","五矿资本","2017-09-14","14.1800","14.2400","14.4900","14.0300","-0.0100","-0.0702","14.2500"
"600390.SH","五矿资本","2017-09-15","14.3500","14.8100","15.6000","14.2500","0.5700","4.0028","14.2400"
"600390.SH","五矿资本","2017-09-18","14.9400","16.2900","16.2900","14.6500","1.4800","9.9933","14.8100"
"600390.SH","五矿资本","2017-09-19","16.2900","16.2900","16.2900","16.2900","","","16.2900"
"600390.SH","五矿资本","2017-09-20","16.2900","16.2900","16.2900","16.2900","","","16.2900"
"600390.SH","五矿资本","2017-09-21","16.2900","16.2900","16.2900","16.2900","","","16.2900"
"600390.SH","五矿资本","2017-09-22","16.2900","16.2900","16.2900","16.2900","","","16.2900"
"600390.SH","五矿资本","2017-09-25","16.2900","16.2900","16.2900","16.2900","","","16.2900"
"600390.SH","五矿资本","2017-09-26","16.2900","16.2900","16.2900","16.2900","","","16.2900"
"600390.SH","五矿资本","2017-09-27","14.6600","14.6600","14.6600","14.6600","-1.6300","-10.0061","16.2900"
"600390.SH","五矿资本","2017-09-28","13.8000","13.6100","14.1200","13.4000","-1.0500","-7.1623","14.6600"
"600390.SH","五矿资本","2017-09-29","13.3700","13.8100","13.8800","13.2300","0.2000","1.4695","13.6100"
"600390.SH","五矿资本","2017-10-09","13.7200","13.5300","13.8100","13.3400","-0.2800","-2.0275","13.8100"
"600390.SH","五矿资本","2017-10-10","13.6500","13.6100","13.7500","13.3600","0.0800","0.5913","13.5300"
"600390.SH","五矿资本","2017-10-11","13.5200","13.5400","13.6900","13.4100","-0.0700","-0.5143","13.6100"
"600390.SH","五矿资本","2017-10-12","13.5400","13.0800","13.5400","12.9800","-0.4600","-3.3973","13.5400"
"600390.SH","五矿资本","2017-10-13","13.0500","13.0900","13.1400","13.0000","0.0100","0.0765","13.0800"
"600390.SH","五矿资本","2017-10-16","13.1300","13.2000","13.3600","13.0900","0.1100","0.8403","13.0900"
"600390.SH","五矿资本","2017-10-17","13.2000","13.0300","13.2300","13.0000","-0.1700","-1.2879","13.2000"
"600390.SH","五矿资本","2017-10-18","13.0300","12.7800","13.0800","12.7800","-0.2500","-1.9186","13.0300"
"600390.SH","五矿资本","2017-10-19","12.7800","12.9400","13.1000","12.6000","0.1600","1.2520","12.7800"
"600390.SH","五矿资本","2017-10-20","12.8600","13.2100","13.2700","12.8200","0.2700","2.0866","12.9400"
"600390.SH","五矿资本","2017-10-23","13.2600","13.2800","13.3400","13.0700","0.0700","0.5299","13.2100"
"600390.SH","五矿资本","2017-10-24","13.2500","13.1200","13.2500","13.0200","-0.1600","-1.2048","13.2800"
"600390.SH","五矿资本","2017-10-25","13.1300","13.2300","13.2600","13.0800","0.1100","0.8384","13.1200"
"600390.SH","五矿资本","2017-10-26","13.2200","13.3800","13.4000","13.1600","0.1500","1.1338","13.2300"
"600390.SH","五矿资本","2017-10-27","13.2100","13.2600","13.5300","13.2100","-0.1200","-0.8969","13.3800"
"600390.SH","五矿资本","2017-10-30","13.2200","12.8800","13.2600","12.8100","-0.3800","-2.8658","13.2600"
"600390.SH","五矿资本","2017-10-31","12.9100","13.2200","13.2300","12.9100","0.3400","2.6398","12.8800"
"600390.SH","五矿资本","2017-11-01","13.2900","13.2100","13.3700","13.1300","-0.0100","-0.0756","13.2200"
"600390.SH","五矿资本","2017-11-02","13.2200","12.9200","13.2200","12.8900","-0.2900","-2.1953","13.2100"
"600390.SH","五矿资本","2017-11-03","12.9700","13.1400","13.4000","12.8500","0.2200","1.7028","12.9200"
"600390.SH","五矿资本","2017-11-06","13.1700","13.2200","13.2800","13.0100","0.0800","0.6088","13.1400"
"600390.SH","五矿资本","2017-11-07","13.2500","13.4100","13.4500","13.1500","0.1900","1.4372","13.2200"
"600390.SH","五矿资本","2017-11-08","13.3500","13.6400","13.8600","13.3000","0.2300","1.7151","13.4100"
"600390.SH","五矿资本","2017-11-09","13.5300","13.6100","13.8000","13.5100","-0.0300","-0.2199","13.6400"
"600390.SH","五矿资本","2017-11-10","13.5700","13.2800","13.6200","13.2300","-0.3300","-2.4247","13.6100"
"600390.SH","五矿资本","2017-11-13","13.3000","13.1300","13.4200","13.0800","-0.1500","-1.1295","13.2800"
"600390.SH","五矿资本","2017-11-14","13.1200","13.0100","13.1400","12.8800","-0.1200","-0.9139","13.1300"
"600390.SH","五矿资本","2017-11-15","13.0200","12.7800","13.0400","12.7500","-0.2300","-1.7679","13.0100"
"600390.SH","五矿资本","2017-11-16","12.7200","12.7600","12.9400","12.7200","-0.0200","-0.1565","12.7800"
"600390.SH","五矿资本","2017-11-17","12.7500","12.0700","12.8200","12.0500","-0.6900","-5.4075","12.7600"
"600390.SH","五矿资本","2017-11-20","12.0700","12.2600","12.3900","11.3800","0.1900","1.5742","12.0700"
"600390.SH","五矿资本","2017-11-21","12.1200","12.4200","12.6800","12.0500","0.1600","1.3051","12.2600"
"600390.SH","五矿资本","2017-11-22","12.3800","12.3200","12.5400","12.3000","-0.1000","-0.8052","12.4200"
"600390.SH","五矿资本","2017-11-23","12.2800","11.8900","12.3400","11.8600","-0.4300","-3.4903","12.3200"
"600390.SH","五矿资本","2017-11-24","11.8000","11.9400","12.0900","11.8000","0.0500","0.4205","11.8900"
"600390.SH","五矿资本","2017-11-27","11.9000","11.9600","12.1800","11.8500","0.0200","0.1675","11.9400"
"600390.SH","五矿资本","2017-11-28","11.9800","12.0400","12.1100","11.8500","0.0800","0.6689","11.9600"
"600390.SH","五矿资本","2017-11-29","12.0000","12.1100","12.1400","11.8500","0.0700","0.5814","12.0400"
"600390.SH","五矿资本","2017-11-30","12.1300","11.9000","12.1800","11.8800","-0.2100","-1.7341","12.1100"
"600390.SH","五矿资本","2017-12-01","11.9000","11.9200","12.0300","11.8800","0.0200","0.1681","11.9000"
"600390.SH","五矿资本","2017-12-04","11.9400","11.5700","12.0200","11.5600","-0.3500","-2.9362","11.9200"
"600390.SH","五矿资本","2017-12-05","11.5000","11.4200","11.8000","11.3500","-0.1500","-1.2965","11.5700"
"600390.SH","五矿资本","2017-12-06","11.4000","11.3900","11.5300","11.1300","-0.0300","-0.2627","11.4200"
"600390.SH","五矿资本","2017-12-07","11.3500","11.3200","11.4600","11.2900","-0.0700","-0.6146","11.3900"
"600390.SH","五矿资本","2017-12-08","11.3000","11.7300","11.7400","11.3000","0.4100","3.6219","11.3200"
"600390.SH","五矿资本","2017-12-11","11.6600","11.8400","11.9300","11.6500","0.1100","0.9378","11.7300"
"600390.SH","五矿资本","2017-12-12","11.8000","11.7000","11.8800","11.6600","-0.1400","-1.1824","11.8400"
"600390.SH","五矿资本","2017-12-13","11.7300","11.9900","12.0000","11.7300","0.2900","2.4786","11.7000"
"600390.SH","五矿资本","2017-12-14","11.9500","12.0000","12.1200","11.8700","0.0100","0.0834","11.9900"
"600390.SH","五矿资本","2017-12-15","11.9100","11.9400","11.9800","11.8100","-0.0600","-0.5000","12.0000"
"600390.SH","五矿资本","2017-12-18","11.9500","11.8900","12.0800","11.8100","-0.0500","-0.4188","11.9400"
"600390.SH","五矿资本","2017-12-19","11.8000","11.9500","11.9700","11.8000","0.0600","0.5046","11.8900"
"600390.SH","五矿资本","2017-12-20","12.0100","11.5200","12.0100","11.4600","-0.4300","-3.5983","11.9500"
"600390.SH","五矿资本","2017-12-21","11.5700","11.6500","11.7300","11.4700","0.1300","1.1285","11.5200"
"600390.SH","五矿资本","2017-12-22","11.7700","11.9600","11.9700","11.7000","0.3100","2.6609","11.6500"
"600390.SH","五矿资本","2017-12-25","11.9300","11.6000","12.0400","11.5200","-0.3600","-3.0100","11.9600"
"600390.SH","五矿资本","2017-12-26","11.7000","11.9200","11.9600","11.5600","0.3200","2.7586","11.6000"
"600390.SH","五矿资本","2017-12-27","11.9900","11.8900","12.1400","11.8300","-0.0300","-0.2517","11.9200"
"600390.SH","五矿资本","2017-12-28","11.9800","11.7700","12.0300","11.6800","-0.1200","-1.0093","11.8900"
"600390.SH","五矿资本","2017-12-29","11.7200","11.8000","11.8200","11.5600","0.0300","0.2549","11.7700"
"600390.SH","五矿资本","2018-01-02","11.7900","11.8900","11.9500","11.7700","0.0900","0.7627","11.8000"
"600390.SH","五矿资本","2018-01-03","11.9000","12.0500","12.1200","11.8300","0.1600","1.3457","11.8900"
"600390.SH","五矿资本","2018-01-04","12.0600","11.9800","12.1200","11.8900","-0.0700","-0.5809","12.0500"
"600390.SH","五矿资本","2018-01-05","11.9700","12.0300","12.0800","11.8800","0.0500","0.4174","11.9800"
"600390.SH","五矿资本","2018-01-08","12.0300","11.8900","12.0800","11.7000","-0.1400","-1.1638","12.0300"
"600390.SH","五矿资本","2018-01-09","11.9100","12.3900","12.4900","11.8800","0.5000","4.2052","11.8900"
"600390.SH","五矿资本","2018-01-10","12.3100","11.9900","12.3200","11.9600","-0.4000","-3.2284","12.3900"
"600390.SH","五矿资本","2018-01-11","11.9300","11.8700","11.9800","11.7100","-0.1200","-1.0008","11.9900"
"600390.SH","五矿资本","2018-01-12","11.8000","11.6900","11.8700","11.6800","-0.1800","-1.5164","11.8700"
"600390.SH","五矿资本","2018-01-15","11.6300","11.2900","11.7200","11.2700","-0.4000","-3.4217","11.6900"
"600390.SH","五矿资本","2018-01-16","11.3100","11.3400","11.4400","11.2300","0.0500","0.4429","11.2900"
"600390.SH","五矿资本","2018-01-17","11.3500","11.6200","11.9900","11.2900","0.2800","2.4691","11.3400"
"600390.SH","五矿资本","2018-01-18","11.5500","11.4400","11.7200","11.3500","-0.1800","-1.5491","11.6200"
"600390.SH","五矿资本","2018-01-19","11.4900","11.8100","11.9500","11.4600","0.3700","3.2343","11.4400"
"600390.SH","五矿资本","2018-01-22","11.7800","11.9500","12.0600","11.7000","0.1400","1.1854","11.8100"
"600390.SH","五矿资本","2018-01-23","11.9200","12.0000","12.0600","11.8200","0.0500","0.4184","11.9500"
"600390.SH","五矿资本","2018-01-24","11.9500","11.9600","12.0800","11.8100","-0.0400","-0.3333","12.0000"
"600390.SH","五矿资本","2018-01-25","11.9600","12.1200","12.3100","11.9000","0.1600","1.3378","11.9600"
"600390.SH","五矿资本","2018-01-26","12.0600","12.0500","12.2200","12.0200","-0.0700","-0.5776","12.1200"
"600390.SH","五矿资本","2018-01-29","12.0800","11.8500","12.1200","11.8400","-0.2000","-1.6597","12.0500"
"600390.SH","五矿资本","2018-01-30","11.8600","11.8200","12.0300","11.8000","-0.0300","-0.2532","11.8500"
"600390.SH","五矿资本","2018-01-31","11.7700","11.4700","11.7700","11.3600","-0.3500","-2.9611","11.8200"
"600390.SH","五矿资本","2018-02-01","11.4400","11.0800","11.5700","10.9200","-0.3900","-3.4002","11.4700"
"600390.SH","五矿资本","2018-02-02","11.1000","11.1200","11.2200","10.8000","0.0400","0.3610","11.0800"
"600390.SH","五矿资本","2018-02-05","10.9800","11.0600","11.1300","10.8300","-0.0600","-0.5396","11.1200"
"600390.SH","五矿资本","2018-02-06","10.8000","10.5100","10.9000","10.3700","-0.5500","-4.9729","11.0600"
"600390.SH","五矿资本","2018-02-07","10.6300","10.5000","10.6900","10.3500","-0.0100","-0.0951","10.5100"
"600390.SH","五矿资本","2018-02-08","10.5000","10.5700","10.6200","10.4200","0.0700","0.6667","10.5000"
"600390.SH","五矿资本","2018-02-09","10.1600","10.4300","10.4500","9.8100","-0.1400","-1.3245","10.5700"
"600390.SH","五矿资本","2018-02-12","10.5600","10.4500","10.5900","10.3900","0.0200","0.1917","10.4300"
"600390.SH","五矿资本","2018-02-13","10.4500","10.5300","10.6300","10.3700","0.0800","0.7655","10.4500"
"600390.SH","五矿资本","2018-02-14","10.4200","10.4200","10.5100","10.3000","-0.1100","-1.0446","10.5300"
"600390.SH","五矿资本","2018-02-22","10.5200","10.5400","10.5800","10.4400","0.1200","1.1516","10.4200"
"600390.SH","五矿资本","2018-02-23","10.5800","10.5900","10.6800","10.4900","0.0500","0.4744","10.5400"
"600390.SH","五矿资本","2018-02-26","10.5500","10.7000","10.7600","10.4600","0.1100","1.0387","10.5900"
"600390.SH","五矿资本","2018-02-27","10.7000","10.8800","10.9500","10.6300","0.1800","1.6822","10.7000"
"600390.SH","五矿资本","2018-02-28","10.8000","10.9100","10.9400","10.7200","0.0300","0.2757","10.8800"
"600390.SH","五矿资本","2018-03-01","10.8000","10.9200","10.9800","10.7700","0.0100","0.0917","10.9100"
"600390.SH","五矿资本","2018-03-02","10.8000","10.7300","10.8800","10.6800","-0.1900","-1.7399","10.9200"
"600390.SH","五矿资本","2018-03-05","10.7400","10.7600","10.8800","10.7200","0.0300","0.2796","10.7300"
"600390.SH","五矿资本","2018-03-06","10.7600","10.7800","10.8200","10.5900","0.0200","0.1859","10.7600"
"600390.SH","五矿资本","2018-03-07","10.7700","10.7700","10.8900","10.7400","-0.0100","-0.0928","10.7800"
"600390.SH","五矿资本","2018-03-08","10.7500","10.7100","10.8300","10.6800","-0.0600","-0.5571","10.7700"
"600390.SH","五矿资本","2018-03-09","10.7400","10.8300","10.8400","10.6800","0.1200","1.1204","10.7100"
"600390.SH","五矿资本","2018-03-12","10.8500","11.0400","11.0700","10.8000","0.2100","1.9391","10.8300"
"600390.SH","五矿资本","2018-03-13","11.0400","10.8800","11.0400","10.8600","-0.1600","-1.4493","11.0400"
"600390.SH","五矿资本","2018-03-14","10.8600","10.8100","11.0300","10.7900","-0.0700","-0.6434","10.8800"
"600390.SH","五矿资本","2018-03-15","10.7600","10.6000","10.7600","10.5100","-0.2100","-1.9426","10.8100"
"600390.SH","五矿资本","2018-03-16","10.5800","10.5700","10.7100","10.5600","-0.0300","-0.2830","10.6000"
"600390.SH","五矿资本","2018-03-19","10.5400","10.5700","10.6900","10.5000","0.0000","0.0000","10.5700"
"600390.SH","五矿资本","2018-03-20","10.4400","10.4600","10.5300","10.3500","-0.1100","-1.0407","10.5700"
"600390.SH","五矿资本","2018-03-21","10.4600","10.6800","10.8800","10.4100","0.2200","2.1033","10.4600"
"600390.SH","五矿资本","2018-03-22","10.6800","10.6100","10.8300","10.5800","-0.0700","-0.6554","10.6800"
"600390.SH","五矿资本","2018-03-23","10.3000","10.2700","10.3700","9.7700","-0.3400","-3.2045","10.6100"
"600390.SH","五矿资本","2018-03-26","10.1400","10.1800","10.2100","9.8500","-0.0900","-0.8763","10.2700"
"600390.SH","五矿资本","2018-03-27","10.2700","10.2200","10.3300","10.1500","0.0400","0.3929","10.1800"
"600390.SH","五矿资本","2018-03-28","10.0500","10.0700","10.1500","9.9600","-0.1500","-1.4677","10.2200"
"600390.SH","五矿资本","2018-03-29","10.0700","10.1500","10.1700","9.9500","0.0800","0.7944","10.0700"
"600390.SH","五矿资本","2018-03-30","10.1600","10.0900","10.1900","10.0500","-0.0600","-0.5911","10.1500"
"600390.SH","五矿资本","2018-04-02","10.0500","10.0600","10.2300","10.0200","-0.0300","-0.2973","10.0900"
"600390.SH","五矿资本","2018-04-03","9.9000","9.8900","9.9800","9.8100","-0.1700","-1.6899","10.0600"
"600390.SH","五矿资本","2018-04-04","9.9500","9.9700","10.1500","9.9400","0.0800","0.8089","9.8900"
"600390.SH","五矿资本","2018-04-09","9.9700","10.1500","10.1600","9.9200","0.1800","1.8054","9.9700"
"600390.SH","五矿资本","2018-04-10","10.1700","10.2000","10.2100","10.0800","0.0500","0.4926","10.1500"
"600390.SH","五矿资本","2018-04-11","10.2200","10.2000","10.2700","10.1500","0.0000","0.0000","10.2000"
"600390.SH","五矿资本","2018-04-12","10.2000","10.4300","10.8600","10.1200","0.2300","2.2549","10.2000"
"600390.SH","五矿资本","2018-04-13","10.4100","10.4000","10.5600","10.3200","-0.0300","-0.2876","10.4300"
"600390.SH","五矿资本","2018-04-16","10.3500","10.1500","10.3500","10.1300","-0.2500","-2.4038","10.4000"
"600390.SH","五矿资本","2018-04-17","10.1600","9.9700","10.2300","9.9500","-0.1800","-1.7734","10.1500"
"600390.SH","五矿资本","2018-04-18","10.0800","10.0400","10.1200","9.8700","0.0700","0.7021","9.9700"
"600390.SH","五矿资本","2018-04-19","10.0700","10.1300","10.1600","10.0000","0.0900","0.8964","10.0400"
"600390.SH","五矿资本","2018-04-20","10.0500","9.8100","10.0600","9.7900","-0.3200","-3.1589","10.1300"
"600390.SH","五矿资本","2018-04-23","9.8200","9.7900","9.8800","9.6100","-0.0200","-0.2039","9.8100"
"600390.SH","五矿资本","2018-04-24","9.7700","9.9100","9.9300","9.7300","0.1200","1.2257","9.7900"
"600390.SH","五矿资本","2018-04-25","9.8600","9.8100","9.8900","9.7700","-0.1000","-1.0091","9.9100"
"600390.SH","五矿资本","2018-04-26","9.8100","9.8000","9.8600","9.6900","-0.0100","-0.1019","9.8100"
"600390.SH","五矿资本","2018-04-27","9.8100","9.8400","9.8400","9.7300","0.0400","0.4082","9.8000"
"600390.SH","五矿资本","2018-05-02","9.8400","9.6200","9.8800","9.3300","-0.2200","-2.2358","9.8400"
"600390.SH","五矿资本","2018-05-03","9.6300","9.6000","9.6300","9.4100","-0.0200","-0.2079","9.6200"
"600390.SH","五矿资本","2018-05-04","9.5300","9.6000","9.6000","9.4400","0.0000","0.0000","9.6000"
"600390.SH","五矿资本","2018-05-07","9.5500","9.6100","9.6300","9.5300","0.0100","0.1042","9.6000"
"600390.SH","五矿资本","2018-05-08","9.5800","9.6600","9.7200","9.5800","0.0500","0.5203","9.6100"
"600390.SH","五矿资本","2018-05-09","9.6100","9.6000","9.6600","9.5600","-0.0600","-0.6211","9.6600"
"600390.SH","五矿资本","2018-05-10","9.5900","9.6000","9.6300","9.4900","0.0000","0.0000","9.6000"
"600390.SH","五矿资本","2018-05-11","9.6200","9.5900","9.6400","9.5000","-0.0100","-0.1042","9.6000"
"600390.SH","五矿资本","2018-05-14","9.5600","9.5100","9.5900","9.5000","-0.0800","-0.8342","9.5900"
"600390.SH","五矿资本","2018-05-15","9.5600","9.4900","9.5600","9.4000","-0.0200","-0.2103","9.5100"
"600390.SH","五矿资本","2018-05-16","9.4500","9.3700","9.4500","9.3400","-0.1200","-1.2645","9.4900"
"600390.SH","五矿资本","2018-05-17","9.3700","9.4000","9.4400","9.2900","0.0300","0.3202","9.3700"
"600390.SH","五矿资本","2018-05-18","9.3900","9.4300","9.4600","9.3100","0.0300","0.3192","9.4000"
"600390.SH","五矿资本","2018-05-21","9.5000","9.4900","9.5300","9.4500","0.0600","0.6363","9.4300"
"600390.SH","五矿资本","2018-05-22","9.5100","9.4800","9.5200","9.4200","-0.0100","-0.1054","9.4900"
"600390.SH","五矿资本","2018-05-23","9.4800","9.3600","9.4800","9.3200","-0.1200","-1.2658","9.4800"
"600390.SH","五矿资本","2018-05-24","9.3600","9.3400","9.3800","9.2900","-0.0200","-0.2137","9.3600"
"600390.SH","五矿资本","2018-05-25","9.3300","9.3000","9.3300","9.1700","-0.0400","-0.4283","9.3400"
"600390.SH","五矿资本","2018-05-28","9.2700","9.0200","9.2700","8.9700","-0.2800","-3.0107","9.3000"
"600390.SH","五矿资本","2018-05-29","9.0200","8.8000","9.0200","8.7100","-0.2200","-2.4390","9.0200"
"600390.SH","五矿资本","2018-05-30","8.6700","8.4700","8.6700","8.4400","-0.3300","-3.7500","8.8000"
"600390.SH","五矿资本","2018-05-31","8.5400","8.5100","8.5600","8.3800","0.0400","0.4723","8.4700"
"600390.SH","五矿资本","2018-06-01","8.4500","8.4700","8.5000","8.3900","-0.0400","-0.4700","8.5100"
"600390.SH","五矿资本","2018-06-04","8.4800","8.4800","8.5100","8.4300","0.0100","0.1181","8.4700"
"600390.SH","五矿资本","2018-06-05","8.4800","8.5500","8.5600","8.4700","0.0700","0.8255","8.4800"
"600390.SH","五矿资本","2018-06-06","8.5400","8.6600","8.6900","8.5400","0.1100","1.2865","8.5500"
"600390.SH","五矿资本","2018-06-07","8.6900","8.6800","8.7400","8.6300","0.0200","0.2310","8.6600"
"600390.SH","五矿资本","2018-06-08","8.6400","8.5000","8.6600","8.4400","-0.1800","-2.0737","8.6800"
"600390.SH","五矿资本","2018-06-11","8.5000","8.5400","8.6500","8.4000","0.0400","0.4706","8.5000"
"600390.SH","五矿资本","2018-06-12","8.5300","8.7800","8.8300","8.4200","0.2400","2.8103","8.5400"
"600390.SH","五矿资本","2018-06-13","8.7400","8.4700","8.7700","8.4600","-0.3100","-3.5307","8.7800"
"600390.SH","五矿资本","2018-06-14","8.4400","8.5000","8.6500","8.4200","0.0300","0.3542","8.4700"
"600390.SH","五矿资本","2018-06-15","8.4800","8.3400","8.5500","8.2900","-0.1600","-1.8824","8.5000"
"600390.SH","五矿资本","2018-06-19","8.2500","7.5100","8.3300","7.5100","-0.8300","-9.9520","8.3400"
"600390.SH","五矿资本","2018-06-20","7.5200","7.6400","7.7100","7.4600","0.1300","1.7310","7.5100"
"600390.SH","五矿资本","2018-06-21","7.6300","7.6000","7.8400","7.5200","-0.0400","-0.5236","7.6400"
"600390.SH","五矿资本","2018-06-22","7.5500","7.6400","7.6800","7.5000","0.0400","0.5263","7.6000"
"600390.SH","五矿资本","2018-06-25","7.7100","7.5200","7.7900","7.5200","-0.1200","-1.5707","7.6400"
"600390.SH","五矿资本","2018-06-26","7.4700","7.6300","7.6600","7.3300","0.1100","1.4628","7.5200"
"600390.SH","五矿资本","2018-06-27","7.6300","7.5200","7.6500","7.4600","-0.1100","-1.4417","7.6300"
"600390.SH","五矿资本","2018-06-28","7.5000","7.5200","7.6500","7.4000","0.0000","0.0000","7.5200"
"600390.SH","五矿资本","2018-06-29","7.4900","7.7500","7.7700","7.4900","0.2300","3.0585","7.5200"
"600390.SH","五矿资本","2018-07-02","7.7200","7.5400","7.7300","7.4900","-0.2100","-2.7097","7.7500"
"600390.SH","五矿资本","2018-07-03","7.5400","7.6300","7.6600","7.5000","0.0900","1.1936","7.5400"
"600390.SH","五矿资本","2018-07-04","7.5800","7.5300","7.6300","7.5200","-0.1000","-1.3106","7.6300"
"600390.SH","五矿资本","2018-07-05","7.5000","7.4400","7.5600","7.3600","-0.0900","-1.1952","7.5300"
"600390.SH","五矿资本","2018-07-06","7.4200","7.4500","7.5000","7.3000","0.0100","0.1344","7.4400"
"600390.SH","五矿资本","2018-07-09","7.4500","7.5400","7.5500","7.4200","0.0900","1.2081","7.4500"
"600390.SH","五矿资本","2018-07-10","7.5300","7.5600","7.6000","7.4900","0.0200","0.2653","7.5400"
"600390.SH","五矿资本","2018-07-11","7.5000","7.3500","7.5000","7.2600","-0.2100","-2.7778","7.5600"
"600390.SH","五矿资本","2018-07-12","7.3300","7.5300","7.5500","7.3200","0.1800","2.4490","7.3500"
"600390.SH","五矿资本","2018-07-13","7.5400","7.5400","7.6200","7.4900","0.0100","0.1328","7.5300"
"600390.SH","五矿资本","2018-07-16","7.5400","7.4800","7.5400","7.4600","-0.0600","-0.7958","7.5400"
"600390.SH","五矿资本","2018-07-17","7.4800","7.5100","7.5300","7.4400","0.0300","0.4011","7.4800"
"600390.SH","五矿资本","2018-07-18","7.5000","7.5000","7.5400","7.4800","-0.0100","-0.1332","7.5100"
"600390.SH","五矿资本","2018-07-19","7.4800","7.3900","7.5000","7.3600","-0.1100","-1.4667","7.5000"
"600390.SH","五矿资本","2018-07-20","7.4100","7.8000","8.1000","7.3300","0.4100","5.5480","7.3900"
"600390.SH","五矿资本","2018-07-23","7.7700","8.1200","8.2900","7.7200","0.3200","4.1026","7.8000"
"600390.SH","五矿资本","2018-07-24","8.1800","8.1400","8.2300","8.0600","0.0200","0.2463","8.1200"
"600390.SH","五矿资本","2018-07-25","8.1100","8.0600","8.1400","7.9800","-0.0800","-0.9828","8.1400"
"600390.SH","五矿资本","2018-07-26","8.0400","7.9300","8.0800","7.9300","-0.1300","-1.6129","8.0600"
"600390.SH","五矿资本","2018-07-27","7.9200","7.9300","8.0200","7.9000","0.0000","0.0000","7.9300"
"600390.SH","五矿资本","2018-07-30","7.9300","8.0300","8.0800","7.8400","0.1000","1.2610","7.9300"
"600390.SH","五矿资本","2018-07-31","8.1400","8.0400","8.1800","8.0300","0.0100","0.1245","8.0300"
"600390.SH","五矿资本","2018-08-01","7.9500","7.7600","8.0300","7.7400","-0.2800","-3.4826","8.0400"
"600390.SH","五矿资本","2018-08-02","7.7000","7.5200","7.7500","7.4000","-0.2400","-3.0928","7.7600"
"600390.SH","五矿资本","2018-08-03","7.5200","7.5200","7.6100","7.4400","0.0000","0.0000","7.5200"
"600390.SH","五矿资本","2018-08-06","7.5300","7.4400","7.5700","7.3800","-0.0800","-1.0638","7.5200"
"600390.SH","五矿资本","2018-08-07","7.4900","7.6400","7.6500","7.4500","0.2000","2.6882","7.4400"
"600390.SH","五矿资本","2018-08-08","7.5900","7.5800","7.7500","7.5700","-0.0600","-0.7853","7.6400"
"600390.SH","五矿资本","2018-08-09","7.5600","7.7200","7.8000","7.5400","0.1400","1.8470","7.5800"
"600390.SH","五矿资本","2018-08-10","7.7200","7.7800","7.8200","7.6700","0.0600","0.7772","7.7200"
"600390.SH","五矿资本","2018-08-13","7.7100","7.6900","7.7400","7.5900","-0.0900","-1.1568","7.7800"
"600390.SH","五矿资本","2018-08-14","7.7000","7.7000","7.7500","7.6400","0.0100","0.1300","7.6900"
"600390.SH","五矿资本","2018-08-15","7.7500","7.6200","7.8000","7.6100","-0.0800","-1.0390","7.7000"
"600390.SH","五矿资本","2018-08-16","7.5200","7.6000","7.6600","7.4200","-0.0200","-0.2625","7.6200"
"600390.SH","五矿资本","2018-08-17","7.6200","7.5100","7.6900","7.4500","-0.0900","-1.1842","7.6000"
"600390.SH","五矿资本","2018-08-20","7.5000","7.5300","7.5700","7.3600","0.0200","0.2663","7.5100"
"600390.SH","五矿资本","2018-08-21","7.5300","7.5700","7.6200","7.4900","0.0400","0.5312","7.5300"
"600390.SH","五矿资本","2018-08-22","7.5700","7.5400","7.6200","7.5300","-0.0300","-0.3963","7.5700"
"600390.SH","五矿资本","2018-08-23","7.5600","7.6000","7.6500","7.5400","0.0600","0.7958","7.5400"
"600390.SH","五矿资本","2018-08-24","7.5900","7.5700","7.6500","7.4700","-0.0300","-0.3947","7.6000"
"600390.SH","五矿资本","2018-08-27","7.5300","7.6800","7.6800","7.5300","0.1100","1.4531","7.5700"
"600390.SH","五矿资本","2018-08-28","7.6900","7.7400","7.8000","7.6800","0.0600","0.7812","7.6800"
"600390.SH","五矿资本","2018-08-29","7.6700","7.9200","7.9200","7.6700","0.1800","2.3256","7.7400"
"600390.SH","五矿资本","2018-08-30","7.8600","7.7500","7.8700","7.7300","-0.1700","-2.1465","7.9200"
"600390.SH","五矿资本","2018-08-31","7.7300","7.6800","7.7300","7.6300","-0.0700","-0.9032","7.7500"
"600390.SH","五矿资本","2018-09-03","7.6800","7.7100","7.7700","7.6000","0.0300","0.3906","7.6800"
"600390.SH","五矿资本","2018-09-04","7.6700","7.8000","7.8300","7.6700","0.0900","1.1673","7.7100"
"600390.SH","五矿资本","2018-09-05","7.7700","7.7200","7.8600","7.7000","-0.0800","-1.0256","7.8000"
"600390.SH","五矿资本","2018-09-06","7.6600","7.6900","7.7500","7.6500","-0.0300","-0.3886","7.7200"
"600390.SH","五矿资本","2018-09-07","7.7400","7.7600","7.7900","7.6700","0.0700","0.9103","7.6900"
"600390.SH","五矿资本","2018-09-10","7.7600","7.6500","7.7600","7.6300","-0.1100","-1.4175","7.7600"
"600390.SH","五矿资本","2018-09-11","7.6600","7.6900","7.7300","7.5700","0.0400","0.5229","7.6500"
"600390.SH","五矿资本","2018-09-12","7.7300","7.8300","7.8400","7.6600","0.1400","1.8205","7.6900"
"600390.SH","五矿资本","2018-09-13","7.8400","7.8600","7.8900","7.7600","0.0300","0.3831","7.8300"
"600390.SH","五矿资本","2018-09-14","7.8600","7.7800","7.9200","7.7800","-0.0800","-1.0178","7.8600"
"600390.SH","五矿资本","2018-09-17","7.7400","7.6300","7.8000","7.6200","-0.1500","-1.9280","7.7800"
"600390.SH","五矿资本","2018-09-18","7.5800","7.7100","7.7200","7.5100","0.0800","1.0485","7.6300"
"600390.SH","五矿资本","2018-09-19","7.6800","7.7900","7.8300","7.6600","0.0800","1.0376","7.7100"
"600390.SH","五矿资本","2018-09-20","7.7900","7.8800","7.9500","7.7900","0.0900","1.1553","7.7900"
"600390.SH","五矿资本","2018-09-21","7.8700","7.9600","7.9800","7.8200","0.0800","1.0152","7.8800"
"600390.SH","五矿资本","2018-09-25","7.9200","7.9200","7.9700","7.8700","-0.0400","-0.5025","7.9600"
"600390.SH","五矿资本","2018-09-26","7.9600","7.9700","8.0300","7.9200","0.0500","0.6313","7.9200"
"600390.SH","五矿资本","2018-09-27","7.9600","7.8600","7.9700","7.8300","-0.1100","-1.3802","7.9700"
"600390.SH","五矿资本","2018-09-28","7.8700","7.9800","7.9800","7.8500","0.1200","1.5267","7.8600"
"600390.SH","五矿资本","2018-10-08","7.9200","7.6800","7.9200","7.6700","-0.3000","-3.7594","7.9800"
"600390.SH","五矿资本","2018-10-09","7.6800","7.6600","7.7100","7.6300","-0.0200","-0.2604","7.6800"
"600390.SH","五矿资本","2018-10-10","7.6700","7.6000","7.7200","7.5700","-0.0600","-0.7833","7.6600"
"600390.SH","五矿资本","2018-10-11","7.4100","6.9300","7.4500","6.8400","-0.6700","-8.8158","7.6000"
"600390.SH","五矿资本","2018-10-12","6.8900","7.0000","7.1100","6.7100","0.0700","1.0101","6.9300"
"600390.SH","五矿资本","2018-10-15","7.0100","6.8700","7.1000","6.7800","-0.1300","-1.8571","7.0000"
"600390.SH","五矿资本","2018-10-16","6.8700","6.6900","6.9500","6.6800","-0.1800","-2.6201","6.8700"
"600390.SH","五矿资本","2018-10-17","6.7700","6.6700","6.7800","6.5700","-0.0200","-0.2990","6.6900"
"600390.SH","五矿资本","2018-10-18","6.6500","6.5500","6.6500","6.4900","-0.1200","-1.7991","6.6700"
"600390.SH","五矿资本","2018-10-19","6.4800","6.7800","7.0000","6.3300","0.2300","3.5115","6.5500"
"600390.SH","五矿资本","2018-10-22","6.8400","7.4600","7.4600","6.7900","0.6800","10.0295","6.7800"
"600390.SH","五矿资本","2018-10-23","7.5300","7.1900","7.5400","7.0800","-0.2700","-3.6193","7.4600"
"600390.SH","五矿资本","2018-10-24","7.1100","7.2800","7.4500","7.0800","0.0900","1.2517","7.1900"
"600390.SH","五矿资本","2018-10-25","6.9600","7.4000","7.4200","6.8800","0.1200","1.6484","7.2800"
"600390.SH","五矿资本","2018-10-26","7.4000","7.4600","7.6000","7.3500","0.0600","0.8108","7.4000"
"600390.SH","五矿资本","2018-10-29","7.4000","7.3300","7.4500","7.3000","-0.1300","-1.7426","7.4600"
"600390.SH","五矿资本","2018-10-30","7.3200","7.7600","7.7600","7.1200","0.4300","5.8663","7.3300"
"600390.SH","五矿资本","2018-10-31","7.6000","7.4900","7.6000","7.3900","-0.0700","-0.9259","7.5600"
"600390.SH","五矿资本","2018-11-01","7.4100","7.5100","7.7700","7.4100","0.0200","0.2670","7.4900"
"600390.SH","五矿资本","2018-11-02","7.6600","7.6800","7.8500","7.4800","0.1700","2.2636","7.5100"
"600390.SH","五矿资本","2018-11-05","7.6000","7.8600","7.8800","7.5500","0.1800","2.3438","7.6800"
"600390.SH","五矿资本","2018-11-06","7.7700","7.7400","7.8800","7.6800","-0.1200","-1.5267","7.8600"
"600390.SH","五矿资本","2018-11-07","7.7500","7.8500","8.0800","7.7500","0.1100","1.4212","7.7400"
"600390.SH","五矿资本","2018-11-08","7.8800","7.7800","7.9900","7.7000","-0.0700","-0.8917","7.8500"
"600390.SH","五矿资本","2018-11-09","7.6500","7.6500","7.7800","7.5600","-0.1300","-1.6710","7.7800"
"600390.SH","五矿资本","2018-11-12","7.6700","7.7800","7.7900","7.5800","0.1300","1.6993","7.6500"
"600390.SH","五矿资本","2018-11-13","7.6500","8.0000","8.1800","7.6200","0.2200","2.8278","7.7800"
"600390.SH","五矿资本","2018-11-14","7.9600","7.9100","8.1600","7.8700","-0.0900","-1.1250","8.0000"
"600390.SH","五矿资本","2018-11-15","7.9100","8.2100","8.2200","7.8700","0.3000","3.7927","7.9100"
"600390.SH","五矿资本","2018-11-16","8.2200","8.5300","9.0000","8.1000","0.3200","3.8977","8.2100"
"600390.SH","五矿资本","2018-11-19","8.5000","8.5600","8.6800","8.3900","0.0300","0.3517","8.5300"
"600390.SH","五矿资本","2018-11-20","8.4100","8.0800","8.4300","8.0600","-0.4800","-5.6075","8.5600"
"600390.SH","五矿资本","2018-11-21","7.9800","7.9900","8.1100","7.8600","-0.0900","-1.1139","8.0800"
"600390.SH","五矿资本","2018-11-22","8.0300","7.9400","8.0500","7.8100","-0.0500","-0.6258","7.9900"
"600390.SH","五矿资本","2018-11-23","7.9100","7.5300","7.9100","7.4600","-0.4100","-5.1637","7.9400"
"600390.SH","五矿资本","2018-11-26","7.5000","7.4700","7.6100","7.4100","-0.0600","-0.7968","7.5300"
"600390.SH","五矿资本","2018-11-27","7.5200","7.5400","7.5900","7.4700","0.0700","0.9371","7.4700"
"600390.SH","五矿资本","2018-11-28","7.5500","7.6900","7.7100","7.4400","0.1500","1.9894","7.5400"
"600390.SH","五矿资本","2018-11-29","7.7200","7.4800","7.8100","7.4700","-0.2100","-2.7308","7.6900"
"600390.SH","五矿资本","2018-11-30","7.4500","7.6300","7.6700","7.3900","0.1500","2.0053","7.4800"
"600390.SH","五矿资本","2018-12-03","8.2000","8.0900","8.3500","7.9300","0.4600","6.0288","7.6300"
"600390.SH","五矿资本","2018-12-04","8.0300","8.0900","8.1700","7.9900","0.0000","0.0000","8.0900"
"600390.SH","五矿资本","2018-12-05","7.9100","7.9100","8.0100","7.8500","-0.1800","-2.2250","8.0900"
"600390.SH","五矿资本","2018-12-06","7.8800","7.6600","7.8900","7.6600","-0.2500","-3.1606","7.9100"
"600390.SH","五矿资本","2018-12-07","7.7200","7.6900","7.8000","7.6400","0.0300","0.3916","7.6600"
"600390.SH","五矿资本","2018-12-10","7.5300","7.5100","7.6100","7.4400","-0.1800","-2.3407","7.6900"
"600390.SH","五矿资本","2018-12-11","7.5200","7.6000","7.6400","7.5200","0.0900","1.1984","7.5100"
"600390.SH","五矿资本","2018-12-12","7.6200","7.6700","7.7100","7.6100","0.0700","0.9211","7.6000"
"600390.SH","五矿资本","2018-12-13","7.6800","7.7700","7.8200","7.6300","0.1000","1.3038","7.6700"
"600390.SH","五矿资本","2018-12-14","7.7400","7.5400","7.7500","7.4900","-0.2300","-2.9601","7.7700"
"600390.SH","五矿资本","2018-12-17","7.4800","7.4700","7.5300","7.3100","-0.0700","-0.9284","7.5400"
"600390.SH","五矿资本","2018-12-18","7.4200","7.4500","7.5000","7.3200","-0.0200","-0.2677","7.4700"
"600390.SH","五矿资本","2018-12-19","7.4200","7.3700","7.4800","7.3400","-0.0800","-1.0738","7.4500"
"600390.SH","五矿资本","2018-12-20","7.3300","7.4000","7.4400","7.2400","0.0300","0.4071","7.3700"
"600390.SH","五矿资本","2018-12-21","7.3500","7.1600","7.3500","7.0500","-0.2400","-3.2432","7.4000"
"600390.SH","五矿资本","2018-12-24","7.1500","7.1600","7.2200","7.0800","0.0000","0.0000","7.1600"
"600390.SH","五矿资本","2018-12-25","7.1000","6.9600","7.1000","6.8200","-0.2000","-2.7933","7.1600"
"600390.SH","五矿资本","2018-12-26","6.9400","6.9800","7.0100","6.8900","0.0200","0.2874","6.9600"
"600390.SH","五矿资本","2018-12-27","7.1200","6.8700","7.1500","6.8700","-0.1100","-1.5759","6.9800"
"600390.SH","五矿资本","2018-12-28","6.8900","6.9600","7.0200","6.8500","0.0900","1.3100","6.8700"
"600390.SH","五矿资本","2019-01-02","6.9400","6.9100","7.0000","6.8600","-0.0500","-0.7184","6.9600"
"600390.SH","五矿资本","2019-01-03","6.9500","7.0100","7.1400","6.9100","0.1000","1.4472","6.9100"
"600390.SH","五矿资本","2019-01-04","6.9800","7.4000","7.5000","6.8800","0.3900","5.5635","7.0100"
"600390.SH","五矿资本","2019-01-07","7.4400","7.3600","7.4400","7.3100","-0.0400","-0.5405","7.4000"
"600390.SH","五矿资本","2019-01-08","7.3200","7.4400","7.5300","7.3200","0.0800","1.0870","7.3600"
"600390.SH","五矿资本","2019-01-09","7.3900","7.4100","7.5700","7.3900","-0.0300","-0.4032","7.4400"
"600390.SH","五矿资本","2019-01-10","7.4100","7.2800","7.4300","7.2700","-0.1300","-1.7544","7.4100"
"600390.SH","五矿资本","2019-01-11","7.3000","7.2900","7.3500","7.2500","0.0100","0.1374","7.2800"
"600390.SH","五矿资本","2019-01-14","7.3100","7.3100","7.4200","7.2800","0.0200","0.2743","7.2900"
"600390.SH","五矿资本","2019-01-15","7.3100","7.4800","7.5000","7.3100","0.1700","2.3256","7.3100"
"600390.SH","五矿资本","2019-01-16","7.4200","7.4500","7.4900","7.3700","-0.0300","-0.4011","7.4800"
"600390.SH","五矿资本","2019-01-17","7.4500","7.3300","7.4500","7.3000","-0.1200","-1.6107","7.4500"
"600390.SH","五矿资本","2019-01-18","7.3600","7.4300","7.4500","7.3100","0.1000","1.3643","7.3300"
"600390.SH","五矿资本","2019-01-21","7.4500","7.4900","7.5200","7.4100","0.0600","0.8075","7.4300"
"600390.SH","五矿资本","2019-01-22","7.5100","7.3800","7.5100","7.3100","-0.1100","-1.4686","7.4900"
"600390.SH","五矿资本","2019-01-23","7.3600","7.3900","7.4300","7.3200","0.0100","0.1355","7.3800"
"600390.SH","五矿资本","2019-01-24","7.3800","7.4800","7.5500","7.3300","0.0900","1.2179","7.3900"
"600390.SH","五矿资本","2019-01-25","7.4800","7.6100","7.7000","7.4300","0.1300","1.7380","7.4800"
"600390.SH","五矿资本","2019-01-28","7.6900","7.3800","7.7100","7.3700","-0.2300","-3.0223","7.6100"
"600390.SH","五矿资本","2019-01-29","7.3700","7.1800","7.4300","7.0600","-0.2000","-2.7100","7.3800"
"600390.SH","五矿资本","2019-01-30","7.1100","7.1400","7.2900","7.1100","-0.0400","-0.5571","7.1800"
"600390.SH","五矿资本","2019-01-31","7.1700","7.1700","7.2800","7.0200","0.0300","0.4202","7.1400"
"600390.SH","五矿资本","2019-02-01","7.1900","7.3400","7.3400","7.1900","0.1700","2.3710","7.1700"
"600390.SH","五矿资本","2019-02-11","7.3400","7.4800","7.5000","7.3300","0.1400","1.9074","7.3400"
"600390.SH","五矿资本","2019-02-12","7.4800","7.5500","7.6500","7.4400","0.0700","0.9358","7.4800"
"600390.SH","五矿资本","2019-02-13","7.5400","7.7500","7.8200","7.5400","0.2000","2.6490","7.5500"
"600390.SH","五矿资本","2019-02-14","7.7100","7.8100","8.0200","7.7100","0.0600","0.7742","7.7500"
"600390.SH","五矿资本","2019-02-15","7.8500","7.8400","7.8800","7.7700","0.0300","0.3841","7.8100"
"600390.SH","五矿资本","2019-02-18","7.9000","8.2800","8.4900","7.9000","0.4400","5.6122","7.8400"
"600390.SH","五矿资本","2019-02-19","8.3500","8.5700","8.9500","8.3000","0.2900","3.5024","8.2800"
"600390.SH","五矿资本","2019-02-20","8.6500","8.3100","8.6500","8.2300","-0.2600","-3.0338","8.5700"
"600390.SH","五矿资本","2019-02-21","8.3800","8.4400","8.7400","8.3000","0.1300","1.5644","8.3100"
"600390.SH","五矿资本","2019-02-22","8.4900","9.1200","9.2100","8.4700","0.6800","8.0569","8.4400"
"600390.SH","五矿资本","2019-02-25","9.4900","10.0300","10.0300","9.3300","0.9100","9.9781","9.1200"
"600390.SH","五矿资本","2019-02-26","10.4500","10.0700","10.8100","10.0400","0.0400","0.3988","10.0300"
"600390.SH","五矿资本","2019-02-27","11.0800","10.3500","11.0800","9.9800","0.2800","2.7805","10.0700"
"600390.SH","五矿资本","2019-02-28","9.9100","10.0500","10.3300","9.3200","-0.3000","-2.8986","10.3500"
"600390.SH","五矿资本","2019-03-01","10.0400","10.3400","10.5400","9.8200","0.2900","2.8856","10.0500"
"600390.SH","五矿资本","2019-03-04","10.3800","10.3300","10.8100","10.2000","-0.0100","-0.0967","10.3400"
"600390.SH","五矿资本","2019-03-05","10.1600","10.3500","10.4600","9.9500","0.0200","0.1936","10.3300"
"600390.SH","五矿资本","2019-03-06","10.2500","10.9000","10.9000","10.2100","0.5500","5.3140","10.3500"
"600390.SH","五矿资本","2019-03-07","10.7600","10.8500","11.0400","10.5400","-0.0500","-0.4587","10.9000"
"600390.SH","五矿资本","2019-03-08","10.3300","10.2200","10.6600","10.2100","-0.6300","-5.8065","10.8500"
"600390.SH","五矿资本","2019-03-11","10.1000","11.2400","11.2400","10.1000","1.0200","9.9804","10.2200"
"600390.SH","五矿资本","2019-03-12","11.6000","11.4700","12.3600","11.0800","0.2300","2.0463","11.2400"
"600390.SH","五矿资本","2019-03-13","11.1700","10.7600","11.2800","10.5700","-0.7100","-6.1901","11.4700"
"600390.SH","五矿资本","2019-03-14","10.4700","10.0300","10.6600","9.9000","-0.7300","-6.7844","10.7600"
"600390.SH","五矿资本","2019-03-15","10.1700","10.2300","10.2500","9.9400","0.2000","1.9940","10.0300"
"600390.SH","五矿资本","2019-03-18","10.2300","10.3100","10.3400","9.9600","0.0800","0.7820","10.2300"
"600390.SH","五矿资本","2019-03-19","10.3000","10.2600","10.5300","10.2100","-0.0500","-0.4850","10.3100"
"600390.SH","五矿资本","2019-03-20","10.2900","10.6000","10.6400","10.1500","0.3400","3.3138","10.2600"
"600390.SH","五矿资本","2019-03-21","10.6000","10.6400","10.9500","10.4700","0.0400","0.3774","10.6000"
"600390.SH","五矿资本","2019-03-22","10.5400","10.5500","10.6800","10.3500","-0.0900","-0.8459","10.6400"
"600390.SH","五矿资本","2019-03-25","10.2000","10.1600","10.4500","10.0200","-0.3900","-3.6967","10.5500"
"600390.SH","五矿资本","2019-03-26","10.2300","9.8100","10.2900","9.8000","-0.3500","-3.4449","10.1600"
"600390.SH","五矿资本","2019-03-27","9.8400","9.5900","9.9500","9.3700","-0.2200","-2.2426","9.8100"
"600390.SH","五矿资本","2019-03-28","9.5700","9.4500","9.7300","9.4000","-0.1400","-1.4599","9.5900"
"600390.SH","五矿资本","2019-03-29","9.4900","10.1300","10.4000","9.4400","0.6800","7.1958","9.4500"
"600390.SH","五矿资本","2019-04-01","10.1500","11.1400","11.1400","10.1300","1.0100","9.9704","10.1300"
"600390.SH","五矿资本","2019-04-02","11.4800","10.8000","11.5000","10.6800","-0.3400","-3.0521","11.1400"
"600390.SH","五矿资本","2019-04-03","10.5000","11.0200","11.0900","10.4200","0.2200","2.0370","10.8000"
"600390.SH","五矿资本","2019-04-04","10.9900","10.9100","11.2900","10.8200","-0.1100","-0.9982","11.0200"
"600390.SH","五矿资本","2019-04-08","10.9400","10.6400","10.9800","10.4800","-0.2700","-2.4748","10.9100"
"600390.SH","五矿资本","2019-04-09","10.6400","10.5700","10.8400","10.4200","-0.0700","-0.6579","10.6400"
"600390.SH","五矿资本","2019-04-10","10.6700","10.5800","10.7700","10.2200","0.0100","0.0946","10.5700"
"600390.SH","五矿资本","2019-04-11","10.5300","10.6700","11.0100","10.4900","0.0900","0.8507","10.5800"
"600390.SH","五矿资本","2019-04-12","10.6000","11.0900","11.2000","10.4100","0.4200","3.9363","10.6700"
"600390.SH","五矿资本","2019-04-15","11.5200","10.7500","11.6500","10.7200","-0.3400","-3.0658","11.0900"
"600390.SH","五矿资本","2019-04-16","10.5800","11.1300","11.2000","10.2300","0.3800","3.5349","10.7500"
"600390.SH","五矿资本","2019-04-17","11.0000","10.8900","11.1300","10.7600","-0.2400","-2.1563","11.1300"
"600390.SH","五矿资本","2019-04-18","10.9500","10.6600","10.9500","10.6100","-0.2300","-2.1120","10.8900"
"600390.SH","五矿资本","2019-04-19","10.7300","10.8300","10.9300","10.6500","0.1700","1.5947","10.6600"
"600390.SH","五矿资本","2019-04-22","11.2000","10.9200","11.3500","10.8800","0.0900","0.8310","10.8300"
"600390.SH","五矿资本","2019-04-23","10.7000","10.8200","11.1000","10.4900","-0.1000","-0.9158","10.9200"
"600390.SH","五矿资本","2019-04-24","10.8500","11.1000","11.2000","10.7500","0.2800","2.5878","10.8200"
"600390.SH","五矿资本","2019-04-25","10.9800","10.8700","11.4900","10.7500","-0.2300","-2.0721","11.1000"
"600390.SH","五矿资本","2019-04-26","10.6400","10.6400","10.8500","10.4500","-0.2300","-2.1159","10.8700"
"600390.SH","五矿资本","2019-04-29","10.8100","10.0800","10.9200","10.0400","-0.5600","-5.2632","10.6400"
"600390.SH","五矿资本","2019-04-30","10.1200","10.4200","10.4800","10.1200","0.3400","3.3730","10.0800"
"600390.SH","五矿资本","2019-05-06","9.8800","9.3800","9.9900","9.3800","-1.0400","-9.9808","10.4200"
"600390.SH","五矿资本","2019-05-07","9.4500","9.3600","9.5500","9.1900","-0.0200","-0.2132","9.3800"
"600390.SH","五矿资本","2019-05-08","9.0800","9.1100","9.3300","9.0300","-0.2500","-2.6709","9.3600"
"600390.SH","五矿资本","2019-05-09","9.1000","9.1200","9.1800","9.0200","0.0100","0.1098","9.1100"
"600390.SH","五矿资本","2019-05-10","9.1700","9.5100","9.5500","9.0500","0.3900","4.2763","9.1200"
"600390.SH","五矿资本","2019-05-13","9.3700","9.2300","9.4200","9.2000","-0.2800","-2.9443","9.5100"
"600390.SH","五矿资本","2019-05-14","9.0900","9.2600","9.3300","9.0500","0.0300","0.3250","9.2300"
"600390.SH","五矿资本","2019-05-15","9.3400","9.4200","9.4800","9.2900","0.1600","1.7279","9.2600"
"600390.SH","五矿资本","2019-05-16","9.4100","9.7500","9.8500","9.3700","0.3300","3.5032","9.4200"
"600390.SH","五矿资本","2019-05-17","9.6100","9.1100","9.6700","9.0300","-0.6400","-6.5641","9.7500"
"600390.SH","五矿资本","2019-05-20","9.0700","9.2400","9.2600","8.8200","0.1300","1.4270","9.1100"
"600390.SH","五矿资本","2019-05-21","9.1900","9.6900","9.8300","9.1000","0.4500","4.8701","9.2400"
"600390.SH","五矿资本","2019-05-22","9.5900","9.3300","9.5900","9.2600","-0.3600","-3.7152","9.6900"
"600390.SH","五矿资本","2019-05-23","9.2800","9.1700","9.3800","9.1200","-0.1600","-1.7149","9.3300"
"600390.SH","五矿资本","2019-05-24","9.1300","9.1300","9.3000","9.0300","-0.0400","-0.4362","9.1700"
"600390.SH","五矿资本","2019-05-27","9.1600","9.3900","9.4400","9.0800","0.2600","2.8478","9.1300"
"600390.SH","五矿资本","2019-05-28","9.3900","9.3000","9.4300","9.2600","-0.0900","-0.9585","9.3900"
"600390.SH","五矿资本","2019-05-29","9.4300","9.5600","9.6700","9.3600","0.2600","2.7957","9.3000"
"600390.SH","五矿资本","2019-05-30","9.4500","9.2700","9.4800","9.1600","-0.2900","-3.0335","9.5600"
"600390.SH","五矿资本","2019-05-31","9.2500","9.1900","9.3200","9.1800","-0.0800","-0.8630","9.2700"
"600390.SH","五矿资本","2019-06-03","9.2100","9.1000","9.2900","9.0600","-0.0900","-0.9793","9.1900"
"600390.SH","五矿资本","2019-06-04","9.1100","8.8400","9.1300","8.8300","-0.2600","-2.8571","9.1000"
"600390.SH","五矿资本","2019-06-05","8.9300","8.8900","9.0200","8.8900","0.0500","0.5656","8.8400"
"600390.SH","五矿资本","2019-06-06","8.9200","8.8800","9.0200","8.8400","-0.0100","-0.1125","8.8900"
"600390.SH","五矿资本","2019-06-10","8.8800","9.0500","9.1300","8.6800","0.1700","1.9144","8.8800"
"600390.SH","五矿资本","2019-06-11","9.0100","9.3800","9.4300","9.0000","0.3300","3.6464","9.0500"
"600390.SH","五矿资本","2019-06-12","9.3700","9.3800","9.8700","9.2900","0.0000","0.0000","9.3800"
"600390.SH","五矿资本","2019-06-13","9.3100","9.4300","9.5000","9.1900","0.0500","0.5331","9.3800"
"600390.SH","五矿资本","2019-06-14","9.3800","9.1100","9.5100","9.0900","-0.3200","-3.3934","9.4300"
"600390.SH","五矿资本","2019-06-17","9.1600","9.2100","9.3000","9.1300","0.1000","1.0977","9.1100"
"600390.SH","五矿资本","2019-06-18","9.1900","9.1800","9.2700","9.1500","-0.0300","-0.3257","9.2100"
"600390.SH","五矿资本","2019-06-19","9.5900","9.3000","9.6800","9.3000","0.1200","1.3072","9.1800"
"600390.SH","五矿资本","2019-06-20","9.3000","9.7500","10.0000","9.2800","0.4500","4.8387","9.3000"
"600390.SH","五矿资本","2019-06-21","9.7200","9.9000","9.9500","9.7000","0.1500","1.5385","9.7500"
"600390.SH","五矿资本","2019-06-24","9.8600","9.7500","9.9500","9.7000","-0.1500","-1.5151","9.9000"
"600390.SH","五矿资本","2019-06-25","9.7000","9.6200","9.7800","9.4100","-0.1300","-1.3333","9.7500"
"600390.SH","五矿资本","2019-06-26","9.6100","9.5300","9.7000","9.4300","-0.0900","-0.9356","9.6200"
"600390.SH","五矿资本","2019-06-27","9.5300","9.5300","9.8000","9.5100","0.0000","0.0000","9.5300"
"600390.SH","五矿资本","2019-06-28","9.5000","9.4300","9.5300","9.3200","-0.1000","-1.0493","9.5300"
"600390.SH","五矿资本","2019-07-01","9.6800","9.8000","9.8200","9.5700","0.3700","3.9236","9.4300"
"600390.SH","五矿资本","2019-07-02","9.7900","9.8000","9.8600","9.7100","0.0000","0.0000","9.8000"
"600390.SH","五矿资本","2019-07-03","9.7200","9.6500","9.8300","9.5200","-0.1500","-1.5306","9.8000"
"600390.SH","五矿资本","2019-07-04","9.6900","9.5500","9.7300","9.4800","-0.1000","-1.0363","9.6500"
"600390.SH","五矿资本","2019-07-05","9.5600","9.5600","9.6000","9.4800","0.0100","0.1047","9.5500"
"600390.SH","五矿资本","2019-07-08","9.5100","9.1500","9.5200","9.1200","-0.4100","-4.2887","9.5600"
"600390.SH","五矿资本","2019-07-09","9.1400","9.1500","9.2000","9.0400","0.0000","0.0000","9.1500"
"600390.SH","五矿资本","2019-07-10","9.1500","9.1400","9.2200","9.1000","-0.0100","-0.1093","9.1500"
"600390.SH","五矿资本","2019-07-11","9.1800","9.1500","9.3200","9.0900","0.0100","0.1094","9.1400"
"600390.SH","五矿资本","2019-07-12","9.1900","9.1300","9.2300","9.0900","-0.0200","-0.2186","9.1500"
"600390.SH","五矿资本","2019-07-15","9.1200","9.2500","9.3500","8.9700","0.1200","1.3143","9.1300"
"600390.SH","五矿资本","2019-07-16","9.2000","9.1900","9.3000","9.1600","-0.0600","-0.6487","9.2500"
"600390.SH","五矿资本","2019-07-17","9.1800","9.1600","9.2300","9.1100","-0.0300","-0.3264","9.1900"
"600390.SH","五矿资本","2019-07-18","9.0800","9.0100","9.1200","9.0000","-0.1500","-1.6376","9.1600"
"600390.SH","五矿资本","2019-07-19","9.0100","9.0800","9.1900","9.0100","0.0700","0.7769","9.0100"
"600390.SH","五矿资本","2019-07-22","9.1100","8.8600","9.1200","8.8500","-0.2200","-2.4229","9.0800"
"600390.SH","五矿资本","2019-07-23","8.9000","8.9700","9.0100","8.8800","0.1100","1.2415","8.8600"
"600390.SH","五矿资本","2019-07-24","8.9900","9.0900","9.1500","8.9700","0.1200","1.3378","8.9700"
"600390.SH","五矿资本","2019-07-25","9.0700","9.1000","9.1300","9.0400","0.0100","0.1100","9.0900"
"600390.SH","五矿资本","2019-07-26","9.0600","9.1100","9.1100","9.0100","0.0100","0.1099","9.1000"
"600390.SH","五矿资本","2019-07-29","9.1000","9.0400","9.1000","9.0200","-0.0700","-0.7684","9.1100"
"600390.SH","五矿资本","2019-07-30","9.0600","9.3400","9.4500","9.0600","0.3000","3.3186","9.0400"
"600390.SH","五矿资本","2019-07-31","9.2600","9.1900","9.2600","9.1400","-0.1500","-1.6060","9.3400"
"600390.SH","五矿资本","2019-08-01","9.1200","9.1500","9.2600","9.1000","-0.0400","-0.4353","9.1900"
"600390.SH","五矿资本","2019-08-02","8.9900","8.9900","9.0700","8.9000","-0.1600","-1.7486","9.1500"
"600390.SH","五矿资本","2019-08-05","8.9600","8.8700","8.9900","8.7600","-0.1200","-1.3348","8.9900"
"600390.SH","五矿资本","2019-08-06","8.7000","8.6100","8.7200","8.4500","-0.2600","-2.9312","8.8700"
"600390.SH","五矿资本","2019-08-07","8.6500","8.5400","8.6900","8.5300","-0.0700","-0.8130","8.6100"
"600390.SH","五矿资本","2019-08-08","8.6400","8.6000","8.7000","8.5500","0.0600","0.7026","8.5400"
"600390.SH","五矿资本","2019-08-09","8.6200","8.3600","8.6500","8.3600","-0.2400","-2.7907","8.6000"
"600390.SH","五矿资本","2019-08-12","8.3800","8.4800","8.4800","8.3300","0.1200","1.4354","8.3600"
"600390.SH","五矿资本","2019-08-13","8.4100","8.3500","8.4300","8.3200","-0.1300","-1.5330","8.4800"
"600390.SH","五矿资本","2019-08-14","8.4600","8.3900","8.5200","8.3800","0.0400","0.4790","8.3500"
"600390.SH","五矿资本","2019-08-15","8.1900","8.2800","8.3100","8.1600","-0.1100","-1.3111","8.3900"
"600390.SH","五矿资本","2019-08-16","8.3000","8.3100","8.4200","8.2600","0.0300","0.3623","8.2800"
"600390.SH","五矿资本","2019-08-19","8.3600","8.6100","8.6400","8.3500","0.3000","3.6101","8.3100"
"600390.SH","五矿资本","2019-08-20","8.6000","8.6200","8.7200","8.5500","0.0100","0.1161","8.6100"
"600390.SH","五矿资本","2019-08-21","8.6300","8.6000","8.6300","8.5300","-0.0200","-0.2320","8.6200"
"600390.SH","五矿资本","2019-08-22","8.5900","8.6800","8.6800","8.5000","0.0800","0.9302","8.6000"
"600390.SH","五矿资本","2019-08-23","8.6400","8.6500","8.7800","8.6000","-0.0300","-0.3456","8.6800"
"600390.SH","五矿资本","2019-08-26","8.4700","8.4600","8.5300","8.3800","-0.1900","-2.1965","8.6500"
"600390.SH","五矿资本","2019-08-27","8.5100","8.6800","8.7400","8.4900","0.2200","2.6005","8.4600"
"600390.SH","五矿资本","2019-08-28","8.6400","8.8900","8.9700","8.6400","0.2100","2.4194","8.6800"
"600390.SH","五矿资本","2019-08-29","9.0600","8.9200","9.1300","8.8400","0.0300","0.3375","8.8900"
"600390.SH","五矿资本","2019-08-30","9.0300","8.8700","9.1000","8.7400","-0.0500","-0.5605","8.9200"
"600390.SH","五矿资本","2019-09-02","8.8700","9.0000","9.0400","8.8000","0.1300","1.4656","8.8700"
"600390.SH","五矿资本","2019-09-03","9.0500","9.0700","9.1600","9.0000","0.0700","0.7778","9.0000"
"600390.SH","五矿资本","2019-09-04","9.0700","9.2300","9.3100","9.0200","0.1600","1.7641","9.0700"
"600390.SH","五矿资本","2019-09-05","9.3200","9.4500","9.6900","9.3200","0.2200","2.3835","9.2300"
"600390.SH","五矿资本","2019-09-06","9.5500","9.4300","9.5700","9.3600","-0.0200","-0.2116","9.4500"
"600390.SH","五矿资本","2019-09-09","9.5600","9.5800","9.6000","9.4900","0.1500","1.5907","9.4300"
"600390.SH","五矿资本","2019-09-10","9.5600","9.5300","9.5900","9.4000","-0.0500","-0.5219","9.5800"
"600390.SH","五矿资本","2019-09-11","9.6400","9.6100","9.7300","9.5400","0.0800","0.8395","9.5300"
"600390.SH","五矿资本","2019-09-12","9.6600","9.6800","9.7300","9.6000","0.0700","0.7284","9.6100"
"600390.SH","五矿资本","2019-09-16","9.7100","9.6900","9.7800","9.6400","0.0100","0.1033","9.6800"
"600390.SH","五矿资本","2019-09-17","9.7100","9.3800","9.7200","9.3200","-0.3100","-3.1992","9.6900"
"600390.SH","五矿资本","2019-09-18","9.4500","9.6000","9.7200","9.4000","0.2200","2.3454","9.3800"
"600390.SH","五矿资本","2019-09-19","9.6300","9.5800","9.7300","9.4100","-0.0200","-0.2083","9.6000"
"600390.SH","五矿资本","2019-09-20","9.6100","9.6000","9.7700","9.5500","0.0200","0.2088","9.5800"
"600390.SH","五矿资本","2019-09-23","9.5800","9.4400","9.6100","9.3600","-0.1600","-1.6667","9.6000"
"600390.SH","五矿资本","2019-09-24","9.4600","9.4200","9.6000","9.4000","-0.0200","-0.2119","9.4400"
"600390.SH","五矿资本","2019-09-25","9.4100","9.3000","9.4800","9.2900","-0.1200","-1.2739","9.4200"
"600390.SH","五矿资本","2019-09-26","7.6400","7.5100","7.7400","7.5000","-0.0900","-1.1842","7.6000"
"600390.SH","五矿资本","2019-09-27","7.5800","7.5000","7.5900","7.4700","-0.0100","-0.1332","7.5100"
"600390.SH","五矿资本","2019-09-30","7.5100","7.2300","7.5100","7.2100","-0.2700","-3.6000","7.5000"
"600390.SH","五矿资本","2019-10-08","7.1400","7.3300","7.4000","7.1400","0.1000","1.3831","7.2300"
"600390.SH","五矿资本","2019-10-09","7.2600","7.3400","7.3800","7.2100","0.0100","0.1364","7.3300"
"600390.SH","五矿资本","2019-10-10","7.3500","7.3500","7.3700","7.2700","0.0100","0.1362","7.3400"
"600390.SH","五矿资本","2019-10-11","7.3600","7.4000","7.4800","7.2800","0.0500","0.6803","7.3500"
"600390.SH","五矿资本","2019-10-14","7.4700","8.1400","8.1400","7.4700","0.7400","10.0000","7.4000"
"600390.SH","五矿资本","2019-10-15","8.1700","8.0700","8.3400","7.9500","-0.0700","-0.8600","8.1400"
"600390.SH","五矿资本","2019-10-16","8.0100","7.9700","8.2700","7.9000","-0.1000","-1.2392","8.0700"
"600390.SH","五矿资本","2019-10-17","8.0400","7.8600","8.1300","7.7800","-0.1100","-1.3802","7.9700"
"600390.SH","五矿资本","2019-10-18","7.8500","7.5500","7.9200","7.5100","-0.3100","-3.9440","7.8600"
"600390.SH","五矿资本","2019-10-21","7.5000","7.4900","7.5500","7.3900","-0.0600","-0.7947","7.5500"
"600390.SH","五矿资本","2019-10-22","7.5000","7.4700","7.5400","7.3600","-0.0200","-0.2670","7.4900"
"600390.SH","五矿资本","2019-10-23","7.5000","7.3700","7.5200","7.3600","-0.1000","-1.3387","7.4700"
"600390.SH","五矿资本","2019-10-24","7.3700","7.4600","7.5300","7.3500","0.0900","1.2212","7.3700"
"600390.SH","五矿资本","2019-10-25","7.4300","7.5000","7.5000","7.3700","0.0400","0.5362","7.4600"
"600390.SH","五矿资本","2019-10-28","7.4400","7.6400","7.6800","7.4200","0.1400","1.8667","7.5000"
"600390.SH","五矿资本","2019-10-29","7.7000","7.5800","7.7600","7.5800","-0.0600","-0.7853","7.6400"
"600390.SH","五矿资本","2019-10-30","7.5500","7.6900","7.7200","7.5300","0.1100","1.4512","7.5800"
"600390.SH","五矿资本","2019-10-31","7.7100","7.5600","7.7700","7.5600","-0.1300","-1.6905","7.6900"
"600390.SH","五矿资本","2019-11-01","7.5300","7.7500","7.7900","7.5000","0.1900","2.5132","7.5600"
"600390.SH","五矿资本","2019-11-04","7.7200","7.7000","7.8200","7.6400","-0.0500","-0.6452","7.7500"
"600390.SH","五矿资本","2019-11-05","7.6700","7.7500","7.8800","7.6600","0.0500","0.6494","7.7000"
"600390.SH","五矿资本","2019-11-06","7.7600","7.7300","7.8200","7.6800","-0.0200","-0.2581","7.7500"
"600390.SH","五矿资本","2019-11-07","7.7000","7.8000","7.8300","7.6900","0.0700","0.9056","7.7300"
"600390.SH","五矿资本","2019-11-08","7.8300","7.8100","7.9600","7.7900","0.0100","0.1282","7.8000"
"600390.SH","五矿资本","2019-11-11","7.8100","7.4700","7.8100","7.4300","-0.3400","-4.3534","7.8100"
"600390.SH","五矿资本","2019-11-12","7.4800","7.5100","7.5500","7.4600","0.0400","0.5355","7.4700"
"600390.SH","五矿资本","2019-11-13","7.5000","7.4000","7.5100","7.2600","-0.1100","-1.4647","7.5100"
"600390.SH","五矿资本","2019-11-14","7.3600","7.4600","7.5100","7.3600","0.0600","0.8108","7.4000"
"600390.SH","五矿资本","2019-11-15","7.4100","7.3200","7.5200","7.3000","-0.1400","-1.8767","7.4600"
"600390.SH","五矿资本","2019-11-18","7.3300","7.4400","7.4800","7.3200","0.1200","1.6393","7.3200"
"600390.SH","五矿资本","2019-11-19","7.4500","7.5300","7.5400","7.4200","0.0900","1.2097","7.4400"
"600390.SH","五矿资本","2019-11-20","7.5100","7.4200","7.5300","7.4100","-0.1100","-1.4608","7.5300"
"600390.SH","五矿资本","2019-11-21","7.4600","7.3600","7.4600","7.3300","-0.0600","-0.8086","7.4200"
"600390.SH","五矿资本","2019-11-22","7.3800","7.3300","7.4900","7.3000","-0.0300","-0.4076","7.3600"
"600390.SH","五矿资本","2019-11-25","7.3200","7.3800","7.4200","7.3200","0.0500","0.6821","7.3300"
"600390.SH","五矿资本","2019-11-26","7.4000","7.4300","7.5200","7.3900","0.0500","0.6775","7.3800"
"600390.SH","五矿资本","2019-11-27","7.4500","7.3900","7.5000","7.3700","-0.0400","-0.5384","7.4300"
"600390.SH","五矿资本","2019-11-28","7.4200","7.3500","7.4300","7.3300","-0.0400","-0.5413","7.3900"
"600390.SH","五矿资本","2019-11-29","7.3300","7.3600","7.4300","7.3200","0.0100","0.1361","7.3500"
"600390.SH","五矿资本","2019-12-02","7.4100","7.4400","7.5500","7.4000","0.0800","1.0870","7.3600"
"600390.SH","五矿资本","2019-12-03","7.4000","7.4700","7.4700","7.3500","0.0300","0.4032","7.4400"
"600390.SH","五矿资本","2019-12-04","7.4200","7.4500","7.4700","7.3900","-0.0200","-0.2677","7.4700"
"600390.SH","五矿资本","2019-12-05","7.4700","7.5300","7.5700","7.4300","0.0800","1.0738","7.4500"
"600390.SH","五矿资本","2019-12-06","7.5300","7.5200","7.5600","7.4500","-0.0100","-0.1328","7.5300"
"600390.SH","五矿资本","2019-12-09","7.5200","7.4700","7.5500","7.4400","-0.0500","-0.6649","7.5200"
"600390.SH","五矿资本","2019-12-10","7.4700","7.3300","7.4700","7.2900","-0.1400","-1.8742","7.4700"
"600390.SH","五矿资本","2019-12-11","7.3300","7.3500","7.3800","7.2900","0.0200","0.2729","7.3300"
"600390.SH","五矿资本","2019-12-12","7.3400","7.3000","7.3700","7.2900","-0.0500","-0.6803","7.3500"
"600390.SH","五矿资本","2019-12-13","7.3600","7.6800","7.7200","7.3500","0.3800","5.2055","7.3000"
"600390.SH","五矿资本","2019-12-16","7.7300","7.7600","7.7900","7.6200","0.0800","1.0417","7.6800"
"600390.SH","五矿资本","2019-12-17","7.7500","8.0400","8.2700","7.7100","0.2800","3.6082","7.7600"
"600390.SH","五矿资本","2019-12-18","7.9700","7.9500","8.1400","7.9300","-0.0900","-1.1194","8.0400"
"600390.SH","五矿资本","2019-12-19","7.9800","7.9800","8.0700","7.9300","0.0300","0.3774","7.9500"
"600390.SH","五矿资本","2019-12-20","7.9800","7.9200","8.1400","7.9100","-0.0600","-0.7519","7.9800"
"600390.SH","五矿资本","2019-12-23","7.8900","7.6800","7.9700","7.6800","-0.2400","-3.0303","7.9200"
"600390.SH","五矿资本","2019-12-24","7.7100","7.7600","7.7700","7.5900","0.0800","1.0417","7.6800"
"600390.SH","五矿资本","2019-12-25","7.7500","7.7900","7.8600","7.6800","0.0300","0.3866","7.7600"
"600390.SH","五矿资本","2019-12-26","7.7900","7.9000","7.9200","7.7600","0.1100","1.4121","7.7900"
"600390.SH","五矿资本","2019-12-27","7.9100","7.9600","8.1200","7.9000","0.0600","0.7595","7.9000"
"600390.SH","五矿资本","2019-12-30","7.8700","8.1700","8.2900","7.7300","0.2100","2.6382","7.9600"
"600390.SH","五矿资本","2019-12-31","8.1500","8.2600","8.4200","8.1000","0.0900","1.1016","8.1700"
"600390.SH","五矿资本","2020-01-02","8.3900","8.2200","8.4400","8.2000","-0.0400","-0.4843","8.2600"
"600390.SH","五矿资本","2020-01-03","8.1900","8.2000","8.2600","8.1400","-0.0200","-0.2433","8.2200"
"600390.SH","五矿资本","2020-01-06","8.1600","8.0800","8.2500","8.0300","-0.1200","-1.4634","8.2000"
"600390.SH","五矿资本","2020-01-07","8.1700","8.2200","8.2700","8.1200","0.1400","1.7327","8.0800"
"600390.SH","五矿资本","2020-01-08","8.1900","8.0100","8.1900","8.0100","-0.2100","-2.5547","8.2200"
"600390.SH","五矿资本","2020-01-09","8.0700","8.1000","8.1900","8.0600","0.0900","1.1236","8.0100"
"600390.SH","五矿资本","2020-01-10","8.1400","8.1300","8.1700","8.0200","0.0300","0.3704","8.1000"
"600390.SH","五矿资本","2020-01-13","8.1100","8.1200","8.1400","7.9600","-0.0100","-0.1230","8.1300"
"600390.SH","五矿资本","2020-01-14","8.1100","8.2700","8.4000","8.0900","0.1500","1.8473","8.1200"
"600390.SH","五矿资本","2020-01-15","8.2300","8.1500","8.2300","8.0900","-0.1200","-1.4510","8.2700"
"600390.SH","五矿资本","2020-01-16","8.1600","8.0400","8.1600","8.0200","-0.1100","-1.3497","8.1500"
"600390.SH","五矿资本","2020-01-17","8.0400","8.2700","8.3400","8.0200","0.2300","2.8607","8.0400"
"600390.SH","五矿资本","2020-01-20","8.5000","8.6300","8.9500","8.3300","0.3600","4.3531","8.2700"
"600390.SH","五矿资本","2020-01-21","8.6000","8.2400","8.6200","8.1900","-0.3900","-4.5191","8.6300"
"600390.SH","五矿资本","2020-01-22","8.1700","8.2800","8.3500","8.0500","0.0400","0.4854","8.2400"
"600390.SH","五矿资本","2020-01-23","8.2000","7.9200","8.2300","7.8100","-0.3600","-4.3478","8.2800"
"600390.SH","五矿资本","2020-02-03","7.1300","7.1300","7.2600","7.1300","-0.7900","-9.9747","7.9200"
"600390.SH","五矿资本","2020-02-04","7.1100","7.3700","7.4300","7.1100","0.2400","3.3661","7.1300"
"600390.SH","五矿资本","2020-02-05","7.4000","7.4400","7.6100","7.3200","0.0700","0.9498","7.3700"
"600390.SH","五矿资本","2020-02-06","7.4500","7.5500","7.5900","7.4000","0.1100","1.4785","7.4400"
"600390.SH","五矿资本","2020-02-07","7.5400","7.7200","7.7200","7.4600","0.1700","2.2516","7.5500"
"600390.SH","五矿资本","2020-02-10","7.6900","7.8800","7.9400","7.6300","0.1600","2.0725","7.7200"
"600390.SH","五矿资本","2020-02-11","7.9000","7.7800","7.9700","7.7700","-0.1000","-1.2690","7.8800"
"600390.SH","五矿资本","2020-02-12","7.7800","7.8400","7.8900","7.7600","0.0600","0.7712","7.7800"
"600390.SH","五矿资本","2020-02-13","7.8400","7.7100","7.8700","7.6600","-0.1300","-1.6582","7.8400"
"600390.SH","五矿资本","2020-02-14","7.6900","7.8300","7.9300","7.6600","0.1200","1.5564","7.7100"
"600390.SH","五矿资本","2020-02-17","7.9500","8.0700","8.0700","7.9000","0.2400","3.0651","7.8300"
"600390.SH","五矿资本","2020-02-18","8.0400","7.9600","8.0500","7.8900","-0.1100","-1.3631","8.0700"
"600390.SH","五矿资本","2020-02-19","7.9500","8.1200","8.3300","7.9300","0.1600","2.0100","7.9600"
"600390.SH","五矿资本","2020-02-20","8.1500","8.4000","8.4600","8.0300","0.2800","3.4483","8.1200"
"600390.SH","五矿资本","2020-02-21","8.3600","8.2800","8.5300","8.2200","-0.1200","-1.4286","8.4000"
"600390.SH","五矿资本","2020-02-24","8.3400","8.2500","8.4300","8.2100","-0.0300","-0.3623","8.2800"
"600390.SH","五矿资本","2020-02-25","8.1100","8.2300","8.2700","7.9500","-0.0200","-0.2424","8.2500"
"600390.SH","五矿资本","2020-02-26","8.0800","8.1200","8.2800","8.0500","-0.1100","-1.3366","8.2300"
"600390.SH","五矿资本","2020-02-27","8.1800","8.0900","8.2700","8.0800","-0.0300","-0.3695","8.1200"
"600390.SH","五矿资本","2020-02-28","7.9000","7.6000","7.9800","7.5900","-0.4900","-6.0569","8.0900"
"600390.SH","五矿资本","2020-03-02","7.6800","7.9500","7.9800","7.6800","0.3500","4.6053","7.6000"
"600390.SH","五矿资本","2020-03-03","8.0800","8.0800","8.2400","7.9600","0.1300","1.6352","7.9500"
"600390.SH","五矿资本","2020-03-04","7.9900","8.2000","8.2000","7.9600","0.1200","1.4851","8.0800"
"600390.SH","五矿资本","2020-03-05","8.3000","8.3600","8.4800","8.1300","0.1600","1.9512","8.2000"
"600390.SH","五矿资本","2020-03-06","8.2500","8.1400","8.2600","8.1100","-0.2200","-2.6316","8.3600"
"600390.SH","五矿资本","2020-03-09","8.0400","7.8700","8.1000","7.8600","-0.2700","-3.3170","8.1400"
"600390.SH","五矿资本","2020-03-10","7.8500","8.1600","8.2200","7.8100","0.2900","3.6849","7.8700"
"600390.SH","五矿资本","2020-03-11","8.1800","8.0000","8.1800","7.9900","-0.1600","-1.9608","8.1600"
"600390.SH","五矿资本","2020-03-12","7.9000","8.1600","8.2900","7.8300","0.1600","2.0000","8.0000"
"600390.SH","五矿资本","2020-03-13","7.8900","8.3200","8.3700","7.7800","0.1600","1.9608","8.1600"
"600390.SH","五矿资本","2020-03-16","8.4000","8.0900","8.6500","8.0800","-0.2300","-2.7644","8.3200"
"600390.SH","五矿资本","2020-03-17","8.2100","8.3300","8.3800","7.9000","0.2400","2.9666","8.0900"
"600390.SH","五矿资本","2020-03-18","8.3500","7.9700","8.4500","7.9700","-0.3600","-4.3217","8.3300"
"600390.SH","五矿资本","2020-03-19","7.8700","7.8800","7.9900","7.6800","-0.0900","-1.1292","7.9700"
"600390.SH","五矿资本","2020-03-20","7.9300","7.8800","7.9400","7.7200","0.0000","0.0000","7.8800"
"600390.SH","五矿资本","2020-03-23","7.6400","7.4600","7.7500","7.4600","-0.4200","-5.3300","7.8800"
"600390.SH","五矿资本","2020-03-24","7.6900","7.6800","7.7100","7.4800","0.2200","2.9491","7.4600"
"600390.SH","五矿资本","2020-03-25","7.8500","7.7400","7.8800","7.6800","0.0600","0.7812","7.6800"
"600390.SH","五矿资本","2020-03-26","7.7000","7.6000","7.7500","7.5900","-0.1400","-1.8088","7.7400"
"600390.SH","五矿资本","2020-03-27","7.7000","7.5500","7.7300","7.5300","-0.0500","-0.6579","7.6000"
"600390.SH","五矿资本","2020-03-30","7.4900","7.4700","7.5000","7.4000","-0.0800","-1.0596","7.5500"
"600390.SH","五矿资本","2020-03-31","7.5200","7.4500","7.5700","7.4400","-0.0200","-0.2677","7.4700"
"600390.SH","五矿资本","2020-04-01","7.4300","7.2600","7.5400","7.2500","-0.1900","-2.5503","7.4500"
"600390.SH","五矿资本","2020-04-02","7.1500","7.3500","7.3600","7.1500","0.0900","1.2397","7.2600"
"600390.SH","五矿资本","2020-04-03","7.3200","7.1700","7.3400","7.1600","-0.1800","-2.4490","7.3500"
"600390.SH","五矿资本","2020-04-07","7.3400","7.3600","7.4100","7.3000","0.1900","2.6499","7.1700"
"600390.SH","五矿资本","2020-04-08","7.3000","7.3700","7.4500","7.2800","0.0100","0.1359","7.3600"
"600390.SH","五矿资本","2020-04-09","7.4000","7.4200","7.5700","7.3800","0.0500","0.6784","7.3700"
"600390.SH","五矿资本","2020-04-10","7.4000","7.3600","7.4300","7.2800","-0.0600","-0.8086","7.4200"
"600390.SH","五矿资本","2020-04-13","7.3500","7.2500","7.3500","7.2100","-0.1100","-1.4946","7.3600"
"600390.SH","五矿资本","2020-04-14","7.2700","7.3600","7.4000","7.2600","0.1100","1.5172","7.2500"
"600390.SH","五矿资本","2020-04-15","7.3600","7.2800","7.3700","7.2800","-0.0800","-1.0870","7.3600"
"600390.SH","五矿资本","2020-04-16","7.2500","7.3000","7.3700","7.2100","0.0200","0.2747","7.2800"
"600390.SH","五矿资本","2020-04-17","7.3600","7.2900","7.3800","7.2900","-0.0100","-0.1370","7.3000"
"600390.SH","五矿资本","2020-04-20","7.3500","7.2700","7.3500","7.2600","-0.0200","-0.2743","7.2900"
"600390.SH","五矿资本","2020-04-21","7.2500","7.2000","7.2700","7.1500","-0.0700","-0.9629","7.2700"
"600390.SH","五矿资本","2020-04-22","7.1600","7.1900","7.2200","7.1300","-0.0100","-0.1389","7.2000"
"600390.SH","五矿资本","2020-04-23","7.2200","7.1900","7.2500","7.1700","0.0000","0.0000","7.1900"
"600390.SH","五矿资本","2020-04-24","7.1900","7.2100","7.2100","7.1500","0.0200","0.2782","7.1900"
"600390.SH","五矿资本","2020-04-27","7.2500","7.5500","7.5800","7.2300","0.3400","4.7157","7.2100"
"600390.SH","五矿资本","2020-04-28","7.4800","7.2400","7.4800","7.1600","-0.3100","-4.1060","7.5500"
"600390.SH","五矿资本","2020-04-29","7.1600","7.2000","7.2400","7.1500","-0.0400","-0.5525","7.2400"
"600390.SH","五矿资本","2020-04-30","7.2100","7.2800","7.3300","7.2100","0.0800","1.1111","7.2000"
"600390.SH","五矿资本","2020-05-06","7.2000","7.2900","7.3000","7.1900","0.0100","0.1374","7.2800"
"600390.SH","五矿资本","2020-05-07","7.3000","7.2600","7.3100","7.2400","-0.0300","-0.4115","7.2900"
"600390.SH","五矿资本","2020-05-08","7.2800","7.3400","7.4400","7.2700","0.0800","1.1019","7.2600"
"600390.SH","五矿资本","2020-05-11","7.3700","7.2900","7.3900","7.2600","-0.0500","-0.6812","7.3400"
"600390.SH","五矿资本","2020-05-12","7.2900","7.2300","7.3000","7.1700","-0.0600","-0.8230","7.2900"
"600390.SH","五矿资本","2020-05-13","7.2300","7.2600","7.2900","7.1800","0.0300","0.4149","7.2300"
"600390.SH","五矿资本","2020-05-14","7.2400","7.2300","7.2400","7.1800","-0.0300","-0.4132","7.2600"
"600390.SH","五矿资本","2020-05-15","7.2800","7.2200","7.3100","7.2100","-0.0100","-0.1383","7.2300"
"600390.SH","五矿资本","2020-05-18","7.2100","7.1900","7.2200","7.1600","-0.0300","-0.4155","7.2200"
"600390.SH","五矿资本","2020-05-19","7.2200","7.2000","7.2400","7.1800","0.0100","0.1391","7.1900"
"600390.SH","五矿资本","2020-05-20","7.1800","7.1600","7.2000","7.1500","-0.0400","-0.5556","7.2000"
"600390.SH","五矿资本","2020-05-21","7.1800","7.0600","7.2000","7.0500","-0.1000","-1.3966","7.1600"
"600390.SH","五矿资本","2020-05-22","7.0600","6.7900","7.0600","6.7500","-0.2700","-3.8244","7.0600"
"600390.SH","五矿资本","2020-05-25","6.7400","6.6100","6.7800","6.6000","-0.1800","-2.6510","6.7900"
"600390.SH","五矿资本","2020-05-26","6.6400","6.6700","6.7100","6.6300","0.0600","0.9077","6.6100"
"600390.SH","五矿资本","2020-05-27","6.6400","6.5600","6.6800","6.5500","-0.1100","-1.6492","6.6700"
"600390.SH","五矿资本","2020-05-28","6.5900","6.7000","6.8500","6.5800","0.1400","2.1341","6.5600"
"600390.SH","五矿资本","2020-05-29","6.6900","6.6400","6.6900","6.6200","-0.0600","-0.8955","6.7000"
"600390.SH","五矿资本","2020-06-01","6.7800","6.8200","6.8700","6.7300","0.1800","2.7108","6.6400"
"600390.SH","五矿资本","2020-06-02","6.8100","6.8200","6.8900","6.7800","0.0000","0.0000","6.8200"
"600390.SH","五矿资本","2020-06-03","6.8500","6.7900","6.8900","6.7800","-0.0300","-0.4399","6.8200"
"600390.SH","五矿资本","2020-06-04","6.8100","6.8300","6.8300","6.7900","0.0400","0.5891","6.7900"
"600390.SH","五矿资本","2020-06-05","6.8500","6.8300","6.8500","6.7700","0.0000","0.0000","6.8300"
"600390.SH","五矿资本","2020-06-08","6.8500","6.8500","6.8700","6.8200","0.0200","0.2928","6.8300"
"600390.SH","五矿资本","2020-06-09","6.8600","6.8700","6.8900","6.7900","0.0200","0.2920","6.8500"
"600390.SH","五矿资本","2020-06-10","6.8600","6.9600","6.9700","6.8000","0.0900","1.3100","6.8700"
"600390.SH","五矿资本","2020-06-11","6.9600","6.9800","7.0800","6.9000","0.0200","0.2874","6.9600"
"600390.SH","五矿资本","2020-06-12","6.8200","6.9500","7.2300","6.8100","-0.0300","-0.4298","6.9800"
"600390.SH","五矿资本","2020-06-15","7.0700","7.0100","7.2200","7.0100","0.0600","0.8633","6.9500"
"600390.SH","五矿资本","2020-06-16","7.1300","7.0200","7.1700","6.9800","0.0100","0.1426","7.0100"
"600390.SH","五矿资本","2020-06-17","7.0200","6.9500","7.0400","6.9000","-0.0700","-0.9972","7.0200"
"600390.SH","五矿资本","2020-06-18","6.9600","6.9800","7.0400","6.8900","0.0300","0.4317","6.9500"
"600390.SH","五矿资本","2020-06-19","7.0100","7.0800","7.1400","6.9800","0.1000","1.4327","6.9800"
"600390.SH","五矿资本","2020-06-22","7.0800","7.1600","7.3600","7.0500","0.0800","1.1299","7.0800"
"600390.SH","五矿资本","2020-06-23","7.1400","7.1000","7.1500","7.0600","-0.0600","-0.8380","7.1600"
"600390.SH","五矿资本","2020-06-24","7.1300","7.1000","7.1800","7.0700","0.0000","0.0000","7.1000"
"600390.SH","五矿资本","2020-06-29","7.1200","6.9400","7.1200","6.8900","-0.1600","-2.2535","7.1000"
"600390.SH","五矿资本","2020-06-30","6.9600","7.0600","7.1300","6.9300","0.1200","1.7291","6.9400"
"600390.SH","五矿资本","2020-07-01","7.0600","7.1200","7.1200","7.0200","0.0600","0.8499","7.0600"
"600390.SH","五矿资本","2020-07-02","7.1200","7.4800","7.5200","7.0800","0.3600","5.0562","7.1200"
"600390.SH","五矿资本","2020-07-03","7.5000","7.8900","7.8900","7.4400","0.4100","5.4813","7.4800"
"600390.SH","五矿资本","2020-07-06","8.0200","8.5400","8.6000","7.9800","0.6500","8.2383","7.8900"
"600390.SH","五矿资本","2020-07-07","8.5500","8.2400","8.5700","8.1800","-0.3000","-3.5129","8.5400"
"600390.SH","五矿资本","2020-07-08","8.2400","8.4500","8.5900","8.1800","0.2100","2.5485","8.2400"
"600390.SH","五矿资本","2020-07-09","8.2800","8.4100","8.5200","8.1700","-0.0400","-0.4734","8.4500"
"600390.SH","五矿资本","2020-07-10","8.2800","8.5500","8.6400","8.2300","0.1400","1.6647","8.4100"
"600390.SH","五矿资本","2020-07-13","8.6000","8.6600","8.7600","8.3800","0.1100","1.2865","8.5500"
"600390.SH","五矿资本","2020-07-14","8.6300","8.5500","8.7100","8.3500","-0.1100","-1.2702","8.6600"
"600390.SH","五矿资本","2020-07-15","8.5900","8.7600","9.2700","8.4100","0.2100","2.4561","8.5500"
"600390.SH","五矿资本","2020-07-16","8.6000","8.0300","8.6500","7.9100","-0.7300","-8.3333","8.7600"
"600390.SH","五矿资本","2020-07-17","7.9200","7.6900","8.1000","7.5300","-0.3400","-4.2341","8.0300"
"600390.SH","五矿资本","2020-07-20","7.7900","8.0500","8.0500","7.6300","0.3600","4.6814","7.6900"
"600390.SH","五矿资本","2020-07-21","8.0900","7.8900","8.1700","7.8500","-0.1600","-1.9876","8.0500"
"600390.SH","五矿资本","2020-07-22","7.9200","8.0800","8.2600","7.8500","0.1900","2.4081","7.8900"
"600390.SH","五矿资本","2020-07-23","8.0200","7.9700","8.0900","7.7300","-0.1100","-1.3614","8.0800"
"600390.SH","五矿资本","2020-07-24","7.8600","7.6200","7.9400","7.5300","-0.3500","-4.3915","7.9700"
"600390.SH","五矿资本","2020-07-27","7.6200","7.6500","7.6900","7.5000","0.0300","0.3937","7.6200"
"600390.SH","五矿资本","2020-07-28","7.6900","7.5900","7.7400","7.5000","-0.0600","-0.7843","7.6500"
"600390.SH","五矿资本","2020-07-29","7.5500","7.7600","7.7900","7.5200","0.1700","2.2398","7.5900"
"600390.SH","五矿资本","2020-07-30","7.7300","7.6800","7.8100","7.6500","-0.0800","-1.0309","7.7600"
"600390.SH","五矿资本","2020-07-31","7.6600","7.7800","7.8900","7.6500","0.1000","1.3021","7.6800"
"600390.SH","五矿资本","2020-08-03","7.8600","8.0300","8.0600","7.8300","0.2500","3.2134","7.7800"
"600390.SH","五矿资本","2020-08-04","8.0000","7.9900","8.0900","7.9300","-0.0400","-0.4981","8.0300"
"600390.SH","五矿资本","2020-08-05","7.9700","7.9100","7.9700","7.8200","-0.0800","-1.0013","7.9900"
"600390.SH","五矿资本","2020-08-06","7.8900","7.9700","8.0200","7.7800","0.0600","0.7585","7.9100"
"600390.SH","五矿资本","2020-08-07","7.8800","7.7900","7.9100","7.6500","-0.1800","-2.2585","7.9700"
"600390.SH","五矿资本","2020-08-10","7.7000","7.8100","7.9100","7.6900","0.0200","0.2567","7.7900"
"600390.SH","五矿资本","2020-08-11","7.8200","7.6500","7.9100","7.6000","-0.1600","-2.0487","7.8100"
"600390.SH","五矿资本","2020-08-12","7.6000","7.6600","7.6900","7.5200","0.0100","0.1307","7.6500"
"600390.SH","五矿资本","2020-08-13","7.6700","7.6800","7.7700","7.6100","0.0200","0.2611","7.6600"
"600390.SH","五矿资本","2020-08-14","7.6300","7.8000","7.8100","7.6200","0.1200","1.5625","7.6800"
"600390.SH","五矿资本","2020-08-17","7.8800","8.1500","8.2000","7.8300","0.3500","4.4872","7.8000"
"600390.SH","五矿资本","2020-08-18","8.1500","8.1000","8.2200","8.0200","-0.0500","-0.6135","8.1500"
"600390.SH","五矿资本","2020-08-19","8.0800","7.9700","8.1500","7.9600","-0.1300","-1.6049","8.1000"
"600390.SH","五矿资本","2020-08-20","7.9600","7.8700","7.9900","7.8300","-0.1000","-1.2547","7.9700"
"600390.SH","五矿资本","2020-08-21","7.9500","7.9800","8.0000","7.8600","0.1100","1.3977","7.8700"
"600390.SH","五矿资本","2020-08-24","8.0300","8.0000","8.0700","7.9700","0.0200","0.2506","7.9800"
"600390.SH","五矿资本","2020-08-25","8.0000","7.9500","8.0800","7.9000","-0.0500","-0.6250","8.0000"
"600390.SH","五矿资本","2020-08-26","7.9500","7.7900","7.9700","7.7700","-0.1600","-2.0126","7.9500"
"600390.SH","五矿资本","2020-08-27","7.7700","8.0700","8.0700","7.7700","0.2800","3.5944","7.7900"
"600390.SH","五矿资本","2020-08-28","8.0600","8.0800","8.1600","7.9300","0.0100","0.1239","8.0700"
"600390.SH","五矿资本","2020-08-31","8.0400","7.8400","8.1100","7.8300","-0.2400","-2.9703","8.0800"
"600390.SH","五矿资本","2020-09-01","7.8600","7.9000","7.9300","7.8000","0.0600","0.7653","7.8400"
"600390.SH","五矿资本","2020-09-02","7.8900","7.9000","7.9600","7.8100","0.0000","0.0000","7.9000"
"600390.SH","五矿资本","2020-09-03","7.9000","7.8200","7.9700","7.8000","-0.0800","-1.0127","7.9000"
"600390.SH","五矿资本","2020-09-04","7.7000","7.8500","7.8700","7.6500","0.0300","0.3836","7.8200"
"600390.SH","五矿资本","2020-09-07","7.8400","7.9600","8.0000","7.8100","0.1100","1.4013","7.8500"
"600390.SH","五矿资本","2020-09-08","7.9600","7.9500","7.9900","7.8400","-0.0100","-0.1256","7.9600"
"600390.SH","五矿资本","2020-09-09","7.8800","7.7400","7.9200","7.7400","-0.2100","-2.6415","7.9500"
"600390.SH","五矿资本","2020-09-10","7.8400","7.5400","7.8400","7.5000","-0.2000","-2.5840","7.7400"
"600390.SH","五矿资本","2020-09-11","7.5100","7.5100","7.5700","7.4300","-0.0300","-0.3979","7.5400"
"600390.SH","五矿资本","2020-09-14","7.5600","7.5000","7.5900","7.4400","-0.0100","-0.1332","7.5100"
"600390.SH","五矿资本","2020-09-15","7.5100","7.4500","7.5400","7.3900","-0.0500","-0.6667","7.5000"
"600390.SH","五矿资本","2020-09-16","7.4500","7.3600","7.4600","7.2900","-0.0900","-1.2081","7.4500"
"600390.SH","五矿资本","2020-09-17","7.3200","7.2200","7.3400","7.2200","-0.1400","-1.9022","7.3600"
"600390.SH","五矿资本","2020-09-18","7.2200","7.4600","7.4900","7.2200","0.2400","3.3241","7.2200"
"600390.SH","五矿资本","2020-09-21","7.4900","7.4700","7.6200","7.4500","0.0100","0.1340","7.4600"
"600390.SH","五矿资本","2020-09-22","7.4300","7.4400","7.6200","7.3700","-0.0300","-0.4016","7.4700"
"600390.SH","五矿资本","2020-09-23","7.4500","7.3600","7.5000","7.3600","-0.0800","-1.0753","7.4400"
"600390.SH","五矿资本","2020-09-24","7.3400","7.2400","7.3800","7.2300","-0.1200","-1.6304","7.3600"
"600390.SH","五矿资本","2020-09-25","7.2700","7.2400","7.3100","7.1400","0.0000","0.0000","7.2400"
"600390.SH","五矿资本","2020-09-28","7.1500","7.1400","7.2400","7.1300","-0.0200","-0.2793","7.1600"
"600390.SH","五矿资本","2020-09-29","7.1700","7.1900","7.2700","7.1400","0.0500","0.7003","7.1400"
"600390.SH","五矿资本","2020-09-30","7.2200","7.1200","7.2200","7.0600","-0.0700","-0.9736","7.1900"
"600390.SH","五矿资本","2020-10-09","7.1800","7.2400","7.2900","7.1800","0.1200","1.6854","7.1200"
"600390.SH","五矿资本","2020-10-12","7.3400","7.4500","7.4900","7.2900","0.2100","2.9006","7.2400"
"600390.SH","五矿资本","2020-10-13","7.4300","7.3900","7.4300","7.3300","-0.0600","-0.8054","7.4500"
"600390.SH","五矿资本","2020-10-14","7.3700","7.3000","7.3700","7.2600","-0.0900","-1.2179","7.3900"
"600390.SH","五矿资本","2020-10-15","7.2900","7.2800","7.3900","7.2500","-0.0200","-0.2740","7.3000"
"600390.SH","五矿资本","2020-10-16","7.3000","7.2600","7.3200","7.2300","-0.0200","-0.2747","7.2800"
"600390.SH","五矿资本","2020-10-19","7.3000","7.2300","7.3800","7.2100","-0.0300","-0.4132","7.2600"
"600390.SH","五矿资本","2020-10-20","7.2100","7.1900","7.2200","7.1100","-0.0400","-0.5533","7.2300"
"600390.SH","五矿资本","2020-10-21","7.2100","7.1700","7.2100","7.1200","-0.0200","-0.2782","7.1900"
"600390.SH","五矿资本","2020-10-22","7.1500","7.2500","7.2600","7.1100","0.0800","1.1158","7.1700"
"600390.SH","五矿资本","2020-10-23","7.2100","7.2000","7.3200","7.1900","-0.0500","-0.6897","7.2500"
"600390.SH","五矿资本","2020-10-26","7.1800","7.1100","7.1800","7.0600","-0.0900","-1.2500","7.2000"
"600390.SH","五矿资本","2020-10-27","7.0600","7.0300","7.1000","7.0100","-0.0800","-1.1252","7.1100"
"600390.SH","五矿资本","2020-10-28","7.0100","7.0200","7.0400","6.9100","-0.0100","-0.1422","7.0300"
"600390.SH","五矿资本","2020-10-29","6.9300","7.0000","7.0300","6.9000","-0.0200","-0.2849","7.0200"
"600390.SH","五矿资本","2020-10-30","7.0700","6.9100","7.1400","6.9000","-0.0900","-1.2857","7.0000"
"600390.SH","五矿资本","2020-11-02","6.9100","6.7500","7.0000","6.6700","-0.1600","-2.3155","6.9100"
"600390.SH","五矿资本","2020-11-03","6.8000","6.9500","6.9800","6.7600","0.2000","2.9630","6.7500"
"600390.SH","五矿资本","2020-11-04","6.9700","6.8500","6.9700","6.7800","-0.1000","-1.4388","6.9500"
"600390.SH","五矿资本","2020-11-05","6.8500","6.9400","6.9800","6.8500","0.0900","1.3139","6.8500"
"600390.SH","五矿资本","2020-11-06","6.9300","6.9200","6.9900","6.8700","-0.0200","-0.2882","6.9400"
"600390.SH","五矿资本","2020-11-09","6.9500","7.1300","7.1700","6.9500","0.2100","3.0347","6.9200"
"600390.SH","五矿资本","2020-11-10","7.1700","7.0200","7.1800","7.0000","-0.1100","-1.5428","7.1300"
"600390.SH","五矿资本","2020-11-11","7.0200","6.9900","7.0500","6.9700","-0.0300","-0.4274","7.0200"
"600390.SH","五矿资本","2020-11-12","7.0000","6.9400","7.0100","6.9200","-0.0500","-0.7153","6.9900"
"600390.SH","五矿资本","2020-11-13","6.9100","6.8600","6.9200","6.8200","-0.0800","-1.1527","6.9400"
"600390.SH","五矿资本","2020-11-16","6.9000","6.9800","7.0000","6.9000","0.1200","1.7493","6.8600"
"600390.SH","五矿资本","2020-11-17","6.9800","7.1000","7.1000","6.9400","0.1200","1.7192","6.9800"
"600390.SH","五矿资本","2020-11-18","7.0700","7.1000","7.1800","7.0700","0.0000","0.0000","7.1000"
"600390.SH","五矿资本","2020-11-19","7.0900","7.1200","7.1400","7.0500","0.0200","0.2817","7.1000"
"600390.SH","五矿资本","2020-11-20","7.0900","7.1000","7.1500","7.0500","-0.0200","-0.2809","7.1200"
"600390.SH","五矿资本","2020-11-23","7.1000","7.2100","7.2700","7.0800","0.1100","1.5493","7.1000"
"600390.SH","五矿资本","2020-11-24","7.2000","7.1500","7.2500","7.1500","-0.0600","-0.8322","7.2100"
"600390.SH","五矿资本","2020-11-25","7.2100","7.0800","7.3200","7.0800","-0.0700","-0.9790","7.1500"
"600390.SH","五矿资本","2020-11-26","7.0800","7.1100","7.1800","7.0500","0.0300","0.4237","7.0800"
"600390.SH","五矿资本","2020-11-27","7.1100","7.1800","7.1800","7.0700","0.0700","0.9845","7.1100"
"600390.SH","五矿资本","2020-11-30","7.2000","7.2100","7.4200","7.1900","0.0300","0.4178","7.1800"
"600390.SH","五矿资本","2020-12-01","7.2000","7.4800","7.4800","7.1700","0.2700","3.7448","7.2100"
"600390.SH","五矿资本","2020-12-02","7.4700","7.4800","7.6000","7.3800","0.0000","0.0000","7.4800"
"600390.SH","五矿资本","2020-12-03","7.4800","7.4800","7.5400","7.3900","0.0000","0.0000","7.4800"
"600390.SH","五矿资本","2020-12-04","7.4500","7.3900","7.4900","7.3400","-0.0900","-1.2032","7.4800"
"600390.SH","五矿资本","2020-12-07","7.4100","7.2400","7.4100","7.2200","-0.1500","-2.0298","7.3900"
"600390.SH","五矿资本","2020-12-08","7.2300","7.2500","7.3400","7.1900","0.0100","0.1381","7.2400"
"600390.SH","五矿资本","2020-12-09","7.2600","7.0500","7.3100","7.0400","-0.2000","-2.7586","7.2500"
"600390.SH","五矿资本","2020-12-10","7.0700","6.9900","7.1300","6.9500","-0.0600","-0.8511","7.0500"
"600390.SH","五矿资本","2020-12-11","6.9800","6.9000","7.0300","6.8500","-0.0900","-1.2876","6.9900"
"600390.SH","五矿资本","2020-12-14","6.8900","6.9100","6.9300","6.8100","0.0100","0.1449","6.9000"
"600390.SH","五矿资本","2020-12-15","6.8600","6.8500","6.8800","6.8100","-0.0600","-0.8683","6.9100"
"600390.SH","五矿资本","2020-12-16","6.8200","6.8300","6.8800","6.7800","-0.0200","-0.2920","6.8500"
"600390.SH","五矿资本","2020-12-17","6.8100","6.9600","6.9700","6.8000","0.1300","1.9034","6.8300"
"600390.SH","五矿资本","2020-12-18","6.9300","6.9700","7.0600","6.8900","0.0100","0.1437","6.9600"
"600390.SH","五矿资本","2020-12-21","6.9500","7.0400","7.0500","6.9100","0.0700","1.0043","6.9700"
"600390.SH","五矿资本","2020-12-22","7.0000","6.8500","7.0400","6.8200","-0.1900","-2.6989","7.0400"
"600390.SH","五矿资本","2020-12-23","6.8300","6.9000","6.9400","6.8100","0.0500","0.7299","6.8500"
"600390.SH","五矿资本","2020-12-24","6.9000","6.7000","6.9200","6.6900","-0.2000","-2.8986","6.9000"
"600390.SH","五矿资本","2020-12-25","6.7000","6.7900","6.8400","6.6500","0.0900","1.3433","6.7000"
"600390.SH","五矿资本","2020-12-28","6.7900","6.7000","6.7900","6.6800","-0.0900","-1.3255","6.7900"
"600390.SH","五矿资本","2020-12-29","6.7400","6.7800","6.8200","6.7000","0.0800","1.1940","6.7000"
"600390.SH","五矿资本","2020-12-30","6.7500","6.8100","6.8400","6.7300","0.0300","0.4425","6.7800"
"600390.SH","五矿资本","2020-12-31","6.8400","6.9800","7.0800","6.8300","0.1700","2.4963","6.8100"
"600390.SH","五矿资本","2021-01-04","6.9700","6.9800","7.0300","6.8500","0.0000","0.0000","6.9800"
"600390.SH","五矿资本","2021-01-05","6.9400","6.9700","6.9900","6.8500","-0.0100","-0.1433","6.9800"
"600390.SH","五矿资本","2021-01-06","6.9400","6.9100","7.0000","6.8600","-0.0600","-0.8608","6.9700"
"600390.SH","五矿资本","2021-01-07","6.9200","6.8000","6.9500","6.6600","-0.1100","-1.5919","6.9100"
"600390.SH","五矿资本","2021-01-08","6.8000","6.8200","6.8900","6.7000","0.0200","0.2941","6.8000"
"600390.SH","五矿资本","2021-01-11","6.8000","6.6200","6.8600","6.6100","-0.2000","-2.9326","6.8200"
"600390.SH","五矿资本","2021-01-12","6.6100","6.8000","6.8300","6.5700","0.1800","2.7190","6.6200"
"600390.SH","五矿资本","2021-01-13","6.7800","6.6500","6.7900","6.5900","-0.1500","-2.2059","6.8000"
"600390.SH","五矿资本","2021-01-14","6.6900","6.8600","7.0000","6.6600","0.2100","3.1579","6.6500"
"600390.SH","五矿资本","2021-01-15","6.8400","6.8000","6.9800","6.8000","-0.0600","-0.8746","6.8600"
"600390.SH","五矿资本","2021-01-18","6.8100","6.8200","6.8700","6.7600","0.0200","0.2941","6.8000"
"600390.SH","五矿资本","2021-01-19","6.8300","6.8200","6.9100","6.7500","0.0000","0.0000","6.8200"
"600390.SH","五矿资本","2021-01-20","6.8200","6.7300","6.8400","6.7000","-0.0900","-1.3196","6.8200"
"600390.SH","五矿资本","2021-01-21","6.7400","6.8500","6.8800","6.7100","0.1200","1.7831","6.7300"
"600390.SH","五矿资本","2021-01-22","6.8200","6.7200","6.8300","6.6900","-0.1300","-1.8978","6.8500"
"600390.SH","五矿资本","2021-01-25","6.7000","6.6200","6.7500","6.6100","-0.1000","-1.4881","6.7200"
"600390.SH","五矿资本","2021-01-26","6.6100","6.6900","6.7000","6.5500","0.0700","1.0574","6.6200"
"600390.SH","五矿资本","2021-01-27","6.6600","6.6200","6.7100","6.6000","-0.0700","-1.0463","6.6900"
"600390.SH","五矿资本","2021-01-28","6.5900","6.4500","6.6100","6.4200","-0.1700","-2.5680","6.6200"
"600390.SH","五矿资本","2021-01-29","6.4900","6.3500","6.5000","6.2900","-0.1000","-1.5504","6.4500"
"600390.SH","五矿资本","2021-02-01","6.3500","6.3300","6.3900","6.2600","-0.0200","-0.3150","6.3500"
"600390.SH","五矿资本","2021-02-02","6.3500","6.3600","6.3800","6.2900","0.0300","0.4739","6.3300"
"600390.SH","五矿资本","2021-02-03","6.3700","6.2300","6.3700","6.2200","-0.1300","-2.0440","6.3600"
"600390.SH","五矿资本","2021-02-04","6.2200","6.1400","6.2200","5.9900","-0.0900","-1.4446","6.2300"
"600390.SH","五矿资本","2021-02-05","6.1000","6.0900","6.1900","6.0700","-0.0500","-0.8143","6.1400"
"600390.SH","五矿资本","2021-02-08","6.1000","6.1000","6.1600","6.0900","0.0100","0.1642","6.0900"
"600390.SH","五矿资本","2021-02-09","6.1100","6.1300","6.1500","6.0000","0.0300","0.4918","6.1000"
"600390.SH","五矿资本","2021-02-10","6.1300","6.1500","6.1600","6.0900","0.0200","0.3263","6.1300"
"600390.SH","五矿资本","2021-02-18","6.2100","6.2500","6.3200","6.2100","0.1000","1.6260","6.1500"
"600390.SH","五矿资本","2021-02-19","6.2400","6.5000","6.5200","6.2200","0.2500","4.0000","6.2500"
"600390.SH","五矿资本","2021-02-22","6.5100","6.5100","6.7200","6.4900","0.0100","0.1538","6.5000"
"600390.SH","五矿资本","2021-02-23","6.5400","6.4700","6.6300","6.4600","-0.0400","-0.6144","6.5100"
"600390.SH","五矿资本","2021-02-24","6.4800","6.5000","6.5900","6.4400","0.0300","0.4637","6.4700"
"600390.SH","五矿资本","2021-02-25","6.5400","6.5600","6.6600","6.5000","0.0600","0.9231","6.5000"
"600390.SH","五矿资本","2021-02-26","6.4800","6.6100","6.6500","6.4100","0.0500","0.7622","6.5600"
"600390.SH","五矿资本","2021-03-01","6.6000","6.5700","6.6100","6.5300","-0.0400","-0.6051","6.6100"
"600390.SH","五矿资本","2021-03-02","6.5800","6.4600","6.5900","6.4400","-0.1100","-1.6743","6.5700"
"600390.SH","五矿资本","2021-03-03","6.4600","6.5400","6.5500","6.4400","0.0800","1.2384","6.4600"
"600390.SH","五矿资本","2021-03-04","6.5000","6.4400","6.5500","6.4000","-0.1000","-1.5291","6.5400"
"600390.SH","五矿资本","2021-03-05","6.4200","6.5100","6.5500","6.4200","0.0700","1.0870","6.4400"
"600390.SH","五矿资本","2021-03-08","6.5200","6.5200","6.6100","6.5000","0.0100","0.1536","6.5100"
"600390.SH","五矿资本","2021-03-09","6.5200","6.4500","6.5800","6.3700","-0.0700","-1.0736","6.5200"
"600390.SH","五矿资本","2021-03-10","6.4800","6.2700","6.4900","6.2600","-0.1800","-2.7907","6.4500"
"600390.SH","五矿资本","2021-03-11","6.3300","6.3500","6.3900","6.2700","0.0800","1.2759","6.2700"
"600390.SH","五矿资本","2021-03-12","6.3500","6.4000","6.4100","6.2800","0.0500","0.7874","6.3500"
"600390.SH","五矿资本","2021-03-15","6.3700","6.4100","6.4300","6.3300","0.0100","0.1563","6.4000"
"600390.SH","五矿资本","2021-03-16","6.4000","6.4700","6.4900","6.3900","0.0600","0.9360","6.4100"
"600390.SH","五矿资本","2021-03-17","6.4900","6.4600","6.5100","6.4400","-0.0100","-0.1546","6.4700"
"600390.SH","五矿资本","2021-03-18","6.4500","6.4400","6.4900","6.4300","-0.0200","-0.3096","6.4600"
"600390.SH","五矿资本","2021-03-19","6.3900","6.3500","6.4500","6.3000","-0.0900","-1.3975","6.4400"
"600390.SH","五矿资本","2021-03-22","6.3500","6.4200","6.4600","6.3400","0.0700","1.1024","6.3500"
"600390.SH","五矿资本","2021-03-23","6.4300","6.4600","6.4700","6.3500","0.0400","0.6231","6.4200"
"600390.SH","五矿资本","2021-03-24","6.4100","6.4600","6.6300","6.4100","0.0000","0.0000","6.4600"
"600390.SH","五矿资本","2021-03-25","6.4600","6.4900","6.5700","6.4400","0.0300","0.4644","6.4600"
"600390.SH","五矿资本","2021-03-26","6.4900","6.4800","6.5200","6.4500","-0.0100","-0.1541","6.4900"
"600390.SH","五矿资本","2021-03-29","6.4800","6.5100","6.5900","6.4700","0.0300","0.4630","6.4800"
"600390.SH","五矿资本","2021-03-30","6.5100","6.6200","6.6900","6.5100","0.1100","1.6897","6.5100"
"600390.SH","五矿资本","2021-03-31","6.6200","6.5300","6.6300","6.4800","-0.0900","-1.3595","6.6200"
"600390.SH","五矿资本","2021-04-01","6.5200","6.5700","6.6200","6.4800","0.0400","0.6126","6.5300"
"600390.SH","五矿资本","2021-04-02","6.5600","6.5300","6.6000","6.5100","-0.0400","-0.6088","6.5700"
"600390.SH","五矿资本","2021-04-06","6.5200","6.5100","6.5600","6.5000","-0.0200","-0.3063","6.5300"
"600390.SH","五矿资本","2021-04-07","6.4900","6.5000","6.5300","6.4500","-0.0100","-0.1536","6.5100"
"600390.SH","五矿资本","2021-04-08","6.4800","6.4400","6.5300","6.4400","-0.0600","-0.9231","6.5000"
"600390.SH","五矿资本","2021-04-09","6.4300","6.4300","6.4500","6.3800","-0.0100","-0.1553","6.4400"
"600390.SH","五矿资本","2021-04-12","6.4300","6.4200","6.4700","6.3800","-0.0100","-0.1555","6.4300"
"600390.SH","五矿资本","2021-04-13","6.4200","6.3800","6.4300","6.3400","-0.0400","-0.6231","6.4200"
"600390.SH","五矿资本","2021-04-14","6.3500","6.3700","6.4000","6.3500","-0.0100","-0.1567","6.3800"
"600390.SH","五矿资本","2021-04-15","6.3600","6.3100","6.3700","6.2800","-0.0600","-0.9419","6.3700"
"600390.SH","五矿资本","2021-04-16","6.3100","6.3700","6.3800","6.3000","0.0600","0.9509","6.3100"
"600390.SH","五矿资本","2021-04-19","6.3700","6.4300","6.4300","6.3500","0.0600","0.9419","6.3700"
"600390.SH","五矿资本","2021-04-20","6.3800","6.3900","6.4600","6.3700","-0.0400","-0.6221","6.4300"
"600390.SH","五矿资本","2021-04-21","6.3800","6.3100","6.3900","6.3100","-0.0800","-1.2520","6.3900"
"600390.SH","五矿资本","2021-04-22","6.3300","6.3000","6.3500","6.2800","-0.0100","-0.1585","6.3100"
"600390.SH","五矿资本","2021-04-23","6.3000","6.2000","6.3200","6.1600","-0.1000","-1.5873","6.3000"
"600390.SH","五矿资本","2021-04-26","6.2000","6.1100","6.2400","6.1000","-0.0900","-1.4516","6.2000"
"600390.SH","五矿资本","2021-04-27","6.1000","6.0400","6.1200","6.0200","-0.0700","-1.1457","6.1100"
"600390.SH","五矿资本","2021-04-28","6.0900","6.0900","6.1100","6.0400","0.0500","0.8278","6.0400"
"600390.SH","五矿资本","2021-04-29","6.0900","6.1700","6.2000","6.0600","0.0800","1.3136","6.0900"
"600390.SH","五矿资本","2021-04-30","6.1700","6.0700","6.1700","6.0700","-0.1000","-1.6207","6.1700"
"600390.SH","五矿资本","2021-05-06","6.0900","6.1900","6.1900","6.0500","0.1200","1.9769","6.0700"
"600390.SH","五矿资本","2021-05-07","6.1500","6.1300","6.1900","6.1100","-0.0600","-0.9693","6.1900"
"600390.SH","五矿资本","2021-05-10","6.1300","6.0500","6.1300","6.0100","-0.0800","-1.3051","6.1300"
"600390.SH","五矿资本","2021-05-11","6.0300","6.1000","6.1300","6.0200","0.0500","0.8264","6.0500"
"600390.SH","五矿资本","2021-05-12","6.0800","6.1400","6.1500","6.0600","0.0400","0.6557","6.1000"
"600390.SH","五矿资本","2021-05-13","6.1100","6.1000","6.1600","6.0700","-0.0400","-0.6515","6.1400"
"600390.SH","五矿资本","2021-05-14","6.1100","6.3400","6.3400","6.0800","0.2400","3.9344","6.1000"
"600390.SH","五矿资本","2021-05-17","6.2900","6.2200","6.3400","6.2000","-0.1200","-1.8927","6.3400"
"600390.SH","五矿资本","2021-05-18","6.2100","6.2600","6.2800","6.1900","0.0400","0.6431","6.2200"
"600390.SH","五矿资本","2021-05-19","6.2400","6.2200","6.2600","6.1900","-0.0400","-0.6390","6.2600"
"600390.SH","五矿资本","2021-05-20","6.2100","6.2000","6.2600","6.1200","-0.0200","-0.3215","6.2200"
"600390.SH","五矿资本","2021-05-21","6.2000","6.1300","6.2100","6.1200","-0.0700","-1.1290","6.2000"
"600390.SH","五矿资本","2021-05-24","6.1300","6.1800","6.2400","6.1300","0.0500","0.8157","6.1300"
"600390.SH","五矿资本","2021-05-25","6.1800","6.3100","6.3500","6.1600","0.1300","2.1036","6.1800"
"600390.SH","五矿资本","2021-05-26","6.3400","6.4000","6.5200","6.3100","0.0900","1.4263","6.3100"
"600390.SH","五矿资本","2021-05-27","6.3800","6.3800","6.4600","6.3500","-0.0200","-0.3125","6.4000"
"600390.SH","五矿资本","2021-05-28","6.3800","6.4400","6.4900","6.3100","0.0600","0.9404","6.3800"
"600390.SH","五矿资本","2021-05-31","6.4000","6.3800","6.4100","6.3400","-0.0600","-0.9317","6.4400"
"600390.SH","五矿资本","2021-06-01","6.3200","6.2600","6.3300","6.2300","-0.1200","-1.8809","6.3800"
"600390.SH","五矿资本","2021-06-02","6.2800","6.2500","6.3000","6.2100","-0.0100","-0.1597","6.2600"
"600390.SH","五矿资本","2021-06-03","6.2400","6.2400","6.3000","6.2200","-0.0100","-0.1600","6.2500"
"600390.SH","五矿资本","2021-06-04","6.2300","6.2600","6.3300","6.2000","0.0200","0.3205","6.2400"
"600390.SH","五矿资本","2021-06-07","6.2400","6.2000","6.2900","6.1900","-0.0600","-0.9585","6.2600"
"600390.SH","五矿资本","2021-06-08","6.1900","6.1800","6.2300","6.1600","-0.0200","-0.3226","6.2000"
"600390.SH","五矿资本","2021-06-09","6.1900","6.2400","6.2700","6.1700","0.0600","0.9709","6.1800"
"600390.SH","五矿资本","2021-06-10","6.2300","6.2500","6.2700","6.2000","0.0100","0.1603","6.2400"
"600390.SH","五矿资本","2021-06-11","6.2500","6.2200","6.2500","6.1800","-0.0300","-0.4800","6.2500"
"600390.SH","五矿资本","2021-06-15","6.2100","6.0900","6.2200","6.0700","-0.1300","-2.0900","6.2200"
"600390.SH","五矿资本","2021-06-16","6.0700","6.1400","6.1700","6.0600","0.0500","0.8210","6.0900"
"600390.SH","五矿资本","2021-06-17","6.1100","6.1000","6.1700","6.0800","-0.0400","-0.6515","6.1400"
"600390.SH","五矿资本","2021-06-18","6.1000","6.1200","6.1400","6.0700","0.0200","0.3279","6.1000"
"600390.SH","五矿资本","2021-06-21","6.0100","5.9700","6.0500","5.9600","-0.0500","-0.8306","6.0200"
"600390.SH","五矿资本","2021-06-22","5.9800","6.0000","6.0300","5.9600","0.0300","0.5025","5.9700"
"600390.SH","五矿资本","2021-06-23","6.0000","5.9900","6.0100","5.9500","-0.0100","-0.1667","6.0000"
"600390.SH","五矿资本","2021-06-24","5.9800","6.0100","6.0400","5.9700","0.0200","0.3339","5.9900"
"600390.SH","五矿资本","2021-06-25","6.0200","6.1100","6.1300","6.0000","0.1000","1.6639","6.0100"
"600390.SH","五矿资本","2021-06-28","6.1100","6.0300","6.1100","6.0200","-0.0800","-1.3093","6.1100"
"600390.SH","五矿资本","2021-06-29","6.0200","5.9700","6.0200","5.9600","-0.0600","-0.9950","6.0300"
"600390.SH","五矿资本","2021-06-30","5.9800","5.9800","6.0100","5.9500","0.0100","0.1675","5.9700"
"600390.SH","五矿资本","2021-07-01","6.0100","5.9300","6.0500","5.9300","-0.0500","-0.8361","5.9800"
"600390.SH","五矿资本","2021-07-02","5.9100","5.8700","5.9400","5.8700","-0.0600","-1.0118","5.9300"
"600390.SH","五矿资本","2021-07-05","5.8700","5.8700","5.9000","5.8500","0.0000","0.0000","5.8700"
"600390.SH","五矿资本","2021-07-06","5.8700","5.9000","5.9200","5.8500","0.0300","0.5111","5.8700"
"600390.SH","五矿资本","2021-07-07","5.8800","5.8600","5.9100","5.8500","-0.0400","-0.6780","5.9000"
"600390.SH","五矿资本","2021-07-08","5.8700","5.8100","5.8800","5.7900","-0.0500","-0.8532","5.8600"
"600390.SH","五矿资本","2021-07-09","5.8000","5.8300","5.8500","5.7800","0.0200","0.3442","5.8100"
"600390.SH","五矿资本","2021-07-12","5.8600","5.8300","5.8900","5.8200","0.0000","0.0000","5.8300"
"600390.SH","五矿资本","2021-07-13","5.8400","5.8400","5.8500","5.8000","0.0100","0.1715","5.8300"
"600390.SH","五矿资本","2021-07-14","5.8400","5.8000","5.8400","5.8000","-0.0400","-0.6849","5.8400"
"600390.SH","五矿资本","2021-07-15","5.8100","5.8300","5.8600","5.8000","0.0300","0.5172","5.8000"
"600390.SH","五矿资本","2021-07-16","5.8400","5.9100","5.9300","5.8100","0.0800","1.3722","5.8300"
"600390.SH","五矿资本","2021-07-19","5.8700","5.8300","5.9000","5.8100","-0.0800","-1.3536","5.9100"
"600390.SH","五矿资本","2021-07-20","5.8000","5.8100","5.8600","5.7900","-0.0200","-0.3431","5.8300"
"600390.SH","五矿资本","2021-07-21","5.8200","5.7100","5.8500","5.7000","-0.1000","-1.7212","5.8100"
"600390.SH","五矿资本","2021-07-22","5.7100","5.7700","5.7900","5.6800","0.0600","1.0508","5.7100"
"600390.SH","五矿资本","2021-07-23","5.7700","5.8000","5.8600","5.7000","0.0300","0.5199","5.7700"
"600390.SH","五矿资本","2021-07-26","5.7800","5.6800","5.8400","5.6700","-0.1200","-2.0690","5.8000"
"600390.SH","五矿资本","2021-07-27","5.6800","5.5000","5.7100","5.4700","-0.1800","-3.1690","5.6800"
"600390.SH","五矿资本","2021-07-28","5.5300","5.4100","5.5600","5.4000","-0.0900","-1.6364","5.5000"
"600390.SH","五矿资本","2021-07-29","5.4400","5.3700","5.4600","5.3300","-0.0400","-0.7394","5.4100"
"600390.SH","五矿资本","2021-07-30","5.3400","5.3300","5.3500","5.2600","-0.0400","-0.7449","5.3700"
"600390.SH","五矿资本","2021-08-02","5.3300","5.4600","5.5900","5.3000","0.1300","2.4390","5.3300"
"600390.SH","五矿资本","2021-08-03","5.4600","5.4500","5.4900","5.4100","-0.0100","-0.1832","5.4600"
"600390.SH","五矿资本","2021-08-04","5.4200","5.4100","5.4500","5.3700","-0.0400","-0.7339","5.4500"
"600390.SH","五矿资本","2021-08-05","5.4000","5.3400","5.4300","5.3300","-0.0700","-1.2939","5.4100"
"600390.SH","五矿资本","2021-08-06","5.3400","5.3800","5.3900","5.3100","0.0400","0.7491","5.3400"
"600390.SH","五矿资本","2021-08-09","5.3500","5.4600","5.5200","5.3500","0.0800","1.4870","5.3800"
"600390.SH","五矿资本","2021-08-10","5.4600","5.4700","5.4800","5.4000","0.0100","0.1832","5.4600"
"600390.SH","五矿资本","2021-08-11","5.4600","5.4800","5.5500","5.4500","0.0100","0.1828","5.4700"
"600390.SH","五矿资本","2021-08-12","5.4600","5.4600","5.5100","5.4500","-0.0200","-0.3650","5.4800"
"600390.SH","五矿资本","2021-08-13","5.4600","5.4400","5.4600","5.4000","-0.0200","-0.3663","5.4600"
"600390.SH","五矿资本","2021-08-16","5.4300","5.5700","5.6000","5.4200","0.1300","2.3897","5.4400"
"600390.SH","五矿资本","2021-08-17","5.5300","5.5800","5.6900","5.5200","0.0100","0.1795","5.5700"
"600390.SH","五矿资本","2021-08-18","5.5600","5.7700","5.8100","5.5500","0.1900","3.4050","5.5800"
"600390.SH","五矿资本","2021-08-19","5.7400","5.6500","5.8100","5.6300","-0.1200","-2.0797","5.7700"
"600390.SH","五矿资本","2021-08-20","5.6600","5.7100","5.7200","5.6000","0.0600","1.0619","5.6500"
"600390.SH","五矿资本","2021-08-23","5.7100","5.7000","5.8000","5.6900","-0.0100","-0.1751","5.7100"
"600390.SH","五矿资本","2021-08-24","5.6900","5.7600","5.7800","5.6500","0.0600","1.0526","5.7000"
"600390.SH","五矿资本","2021-08-25","5.7400","5.8300","5.8500","5.7200","0.0700","1.2153","5.7600"
"600390.SH","五矿资本","2021-08-26","5.8600","5.9400","6.0100","5.8200","0.1100","1.8868","5.8300"
"600390.SH","五矿资本","2021-08-27","5.9400","5.9100","5.9700","5.8800","-0.0300","-0.5051","5.9400"
"600390.SH","五矿资本","2021-08-30","5.9100","5.8200","5.9100","5.7800","-0.0900","-1.5228","5.9100"
"600390.SH","五矿资本","2021-08-31","5.8400","6.0300","6.0400","5.7800","0.2100","3.6082","5.8200"
"600390.SH","五矿资本","2021-09-01","6.0300","6.1400","6.2800","5.9500","0.1100","1.8242","6.0300"
"600390.SH","五矿资本","2021-09-02","6.1200","6.1400","6.1900","6.0900","0.0000","0.0000","6.1400"
"600390.SH","五矿资本","2021-09-03","6.2700","6.1300","6.3400","6.1000","-0.0100","-0.1629","6.1400"
"600390.SH","五矿资本","2021-09-06","6.1300","6.1800","6.2500","6.1100","0.0500","0.8157","6.1300"
"600390.SH","五矿资本","2021-09-07","6.1600","6.1900","6.2000","6.0900","0.0100","0.1618","6.1800"
"600390.SH","五矿资本","2021-09-08","6.1800","6.2400","6.3200","6.1500","0.0500","0.8078","6.1900"
"600390.SH","五矿资本","2021-09-09","6.1800","6.2600","6.2900","6.1200","0.0200","0.3205","6.2400"
"600390.SH","五矿资本","2021-09-10","6.2800","6.3000","6.4500","6.2600","0.0400","0.6390","6.2600"
"600390.SH","五矿资本","2021-09-13","6.3200","6.3200","6.3800","6.2700","0.0200","0.3175","6.3000"
"600390.SH","五矿资本","2021-09-14","6.3000","6.1200","6.3100","6.1000","-0.2000","-3.1646","6.3200"
"600390.SH","五矿资本","2021-09-15","6.1100","6.1400","6.1800","6.0900","0.0200","0.3268","6.1200"
"600390.SH","五矿资本","2021-09-16","6.1400","6.0900","6.2200","6.0700","-0.0500","-0.8143","6.1400"
"600390.SH","五矿资本","2021-09-17","6.1300","6.0200","6.1300","5.9000","-0.0700","-1.1494","6.0900"
"600390.SH","五矿资本","2021-09-22","5.9100","5.9900","6.0100","5.8600","-0.0300","-0.4983","6.0200"
"600390.SH","五矿资本","2021-09-23","6.0200","6.3200","6.3800","6.0100","0.3300","5.5092","5.9900"
"600390.SH","五矿资本","2021-09-24","6.3100","6.1300","6.3100","6.1100","-0.1900","-3.0063","6.3200"
"600390.SH","五矿资本","2021-09-27","5.9100","5.7700","5.9200","5.7300","-0.1100","-1.8707","5.8800"
"600390.SH","五矿资本","2021-09-28","5.7400","5.7700","5.8400","5.7400","0.0000","0.0000","5.7700"
"600390.SH","五矿资本","2021-09-29","5.7100","5.6800","5.7400","5.6200","-0.0900","-1.5598","5.7700"
"600390.SH","五矿资本","2021-09-30","5.6700","5.5800","5.7000","5.5100","-0.1000","-1.7606","5.6800"
"600390.SH","五矿资本","2021-10-08","5.6300","5.6500","5.6900","5.6200","0.0700","1.2545","5.5800"
"600390.SH","五矿资本","2021-10-11","5.6300","5.6300","5.7000","5.5900","-0.0200","-0.3540","5.6500"
"600390.SH","五矿资本","2021-10-12","5.6200","5.5400","5.6200","5.5000","-0.0900","-1.5986","5.6300"
"600390.SH","五矿资本","2021-10-13","5.5300","5.5400","5.5600","5.4800","0.0000","0.0000","5.5400"
"600390.SH","五矿资本","2021-10-14","5.5500","5.5100","5.5500","5.4900","-0.0300","-0.5415","5.5400"
"600390.SH","五矿资本","2021-10-15","5.5100","5.4400","5.5200","5.4300","-0.0700","-1.2704","5.5100"
"600390.SH","五矿资本","2021-10-18","5.4400","5.4600","5.4900","5.4200","0.0200","0.3676","5.4400"
"600390.SH","五矿资本","2021-10-19","5.4700","5.4800","5.5000","5.4500","0.0200","0.3663","5.4600"
"600390.SH","五矿资本","2021-10-20","5.4800","5.4500","5.4900","5.4300","-0.0300","-0.5474","5.4800"
"600390.SH","五矿资本","2021-10-21","5.4500","5.4900","5.5400","5.4300","0.0400","0.7339","5.4500"
"600390.SH","五矿资本","2021-10-22","5.4700","5.5000","5.5300","5.4700","0.0100","0.1821","5.4900"
"600390.SH","五矿资本","2021-10-25","5.5100","5.5800","5.5900","5.4400","0.0800","1.4545","5.5000"
"600390.SH","五矿资本","2021-10-26","5.5700","5.5600","5.5800","5.5300","-0.0200","-0.3584","5.5800"
"600390.SH","五矿资本","2021-10-27","5.4900","5.2200","5.4900","5.1800","-0.3400","-6.1151","5.5600"
"600390.SH","五矿资本","2021-10-28","5.2000","5.1600","5.2200","5.1000","-0.0600","-1.1494","5.2200"
"600390.SH","五矿资本","2021-10-29","5.1700","5.1900","5.2100","5.1200","0.0300","0.5814","5.1600"
"600390.SH","五矿资本","2021-11-01","5.1900","5.1800","5.2300","5.1600","-0.0100","-0.1927","5.1900"
"600390.SH","五矿资本","2021-11-02","5.1800","5.0400","5.1900","5.0100","-0.1400","-2.7027","5.1800"
"600390.SH","五矿资本","2021-11-03","5.0500","5.0500","5.0800","5.0100","0.0100","0.1984","5.0400"
"600390.SH","五矿资本","2021-11-04","5.0600","5.0500","5.0700","5.0200","0.0000","0.0000","5.0500"
"600390.SH","五矿资本","2021-11-05","5.0500","5.0200","5.0500","5.0200","-0.0300","-0.5941","5.0500"
"600390.SH","五矿资本","2021-11-08","5.0200","5.0700","5.0700","5.0000","0.0500","0.9960","5.0200"
"600390.SH","五矿资本","2021-11-09","5.0700","5.0700","5.0900","5.0500","0.0000","0.0000","5.0700"
"600390.SH","五矿资本","2021-11-10","5.0700","5.0700","5.0800","5.0100","0.0000","0.0000","5.0700"
"600390.SH","五矿资本","2021-11-11","5.0500","5.1900","5.2000","5.0400","0.1200","2.3669","5.0700"
"600390.SH","五矿资本","2021-11-12","5.1900","5.1700","5.2100","5.1400","-0.0200","-0.3854","5.1900"
"600390.SH","五矿资本","2021-11-15","5.1500","5.2000","5.2100","5.1300","0.0300","0.5803","5.1700"
"600390.SH","五矿资本","2021-11-16","5.2000","5.1500","5.2200","5.1400","-0.0500","-0.9615","5.2000"
"600390.SH","五矿资本","2021-11-17","5.1400","5.1400","5.1700","5.1300","-0.0100","-0.1942","5.1500"
"600390.SH","五矿资本","2021-11-18","5.1400","5.1000","5.1500","5.0900","-0.0400","-0.7782","5.1400"
"600390.SH","五矿资本","2021-11-19","5.1100","5.1800","5.1800","5.0800","0.0800","1.5686","5.1000"
"600390.SH","五矿资本","2021-11-22","5.1700","5.1600","5.1900","5.1400","-0.0200","-0.3861","5.1800"
"600390.SH","五矿资本","2021-11-23","5.1600","5.1900","5.2200","5.1400","0.0300","0.5814","5.1600"
"600390.SH","五矿资本","2021-11-24","5.1900","5.1800","5.2200","5.1600","-0.0100","-0.1927","5.1900"
"600390.SH","五矿资本","2021-11-25","5.1800","5.1600","5.1800","5.1500","-0.0200","-0.3861","5.1800"
"600390.SH","五矿资本","2021-11-26","5.1500","5.1400","5.1600","5.1300","-0.0200","-0.3876","5.1600"
"600390.SH","五矿资本","2021-11-29","5.0800","5.0800","5.1200","5.0600","-0.0600","-1.1673","5.1400"
"600390.SH","五矿资本","2021-11-30","5.0800","5.1000","5.1200","5.0800","0.0200","0.3937","5.0800"
"600390.SH","五矿资本","2021-12-01","5.1000","5.1700","5.1700","5.0900","0.0700","1.3725","5.1000"
"600390.SH","五矿资本","2021-12-02","5.1600","5.2000","5.2300","5.1400","0.0300","0.5803","5.1700"
"600390.SH","五矿资本","2021-12-03","5.1900","5.2100","5.2300","5.1700","0.0100","0.1923","5.2000"
"600390.SH","五矿资本","2021-12-06","5.2300","5.2000","5.3200","5.2000","-0.0100","-0.1919","5.2100"
"600390.SH","五矿资本","2021-12-07","5.2400","5.2100","5.2600","5.1700","0.0100","0.1923","5.2000"
"600390.SH","五矿资本","2021-12-08","5.2300","5.2200","5.2400","5.1800","0.0100","0.1919","5.2100"
"600390.SH","五矿资本","2021-12-09","5.2200","5.2900","5.3400","5.2000","0.0700","1.3410","5.2200"
"600390.SH","五矿资本","2021-12-10","5.2700","5.2200","5.2700","5.2100","-0.0700","-1.3233","5.2900"
"600390.SH","五矿资本","2021-12-13","5.2700","5.2400","5.3100","5.2200","0.0200","0.3831","5.2200"
"600390.SH","五矿资本","2021-12-14","5.2100","5.1800","5.2200","5.1700","-0.0600","-1.1450","5.2400"
"600390.SH","五矿资本","2021-12-15","5.1700","5.2000","5.2300","5.1700","0.0200","0.3861","5.1800"
"600390.SH","五矿资本","2021-12-16","5.1900","5.2500","5.2500","5.1800","0.0500","0.9615","5.2000"
"600390.SH","五矿资本","2021-12-17","5.2500","5.2400","5.2900","5.2300","-0.0100","-0.1905","5.2500"
"600390.SH","五矿资本","2021-12-20","5.2300","5.2000","5.2400","5.1800","-0.0400","-0.7634","5.2400"
"600390.SH","五矿资本","2021-12-21","5.2000","5.3000","5.3300","5.1900","0.1000","1.9231","5.2000"
"600390.SH","五矿资本","2021-12-22","5.3000","5.3500","5.3700","5.2700","0.0500","0.9434","5.3000"
"600390.SH","五矿资本","2021-12-23","5.3800","5.3000","5.4000","5.2900","-0.0500","-0.9346","5.3500"
"600390.SH","五矿资本","2021-12-24","5.3000","5.3400","5.3600","5.2600","0.0400","0.7547","5.3000"
"600390.SH","五矿资本","2021-12-27","5.3400","5.3100","5.3600","5.2900","-0.0300","-0.5618","5.3400"
"600390.SH","五矿资本","2021-12-28","5.3100","5.3100","5.3200","5.2800","0.0000","0.0000","5.3100"
"600390.SH","五矿资本","2021-12-29","5.2900","5.2700","5.3100","5.2600","-0.0400","-0.7533","5.3100"
"600390.SH","五矿资本","2021-12-30","5.2800","5.3100","5.3300","5.2600","0.0400","0.7590","5.2700"
"600390.SH","五矿资本","2021-12-31","5.3100","5.3200","5.3400","5.2900","0.0100","0.1883","5.3100"
"600390.SH","五矿资本","2022-01-04","5.3300","5.3800","5.3800","5.2900","0.0600","1.1278","5.3200"
"600390.SH","五矿资本","2022-01-05","5.3900","5.3700","5.4100","5.3300","-0.0100","-0.1859","5.3800"
"600390.SH","五矿资本","2022-01-06","5.3600","5.3600","5.4000","5.3500","-0.0100","-0.1862","5.3700"
"600390.SH","五矿资本","2022-01-07","5.3700","5.4300","5.4700","5.3600","0.0700","1.3060","5.3600"
"600390.SH","五矿资本","2022-01-10","5.4300","5.4300","5.4700","5.4000","0.0000","0.0000","5.4300"
"600390.SH","五矿资本","2022-01-11","5.4300","5.4400","5.4800","5.4100","0.0100","0.1842","5.4300"
"600390.SH","五矿资本","2022-01-12","5.4400","5.4300","5.4600","5.3800","-0.0100","-0.1838","5.4400"
"600390.SH","五矿资本","2022-01-13","5.4300","5.4300","5.4800","5.4200","0.0000","0.0000","5.4300"
"600390.SH","五矿资本","2022-01-14","5.4400","5.3400","5.4400","5.3300","-0.0900","-1.6575","5.4300"
"600390.SH","五矿资本","2022-01-17","5.3300","5.3300","5.3600","5.3200","-0.0100","-0.1873","5.3400"
"600390.SH","五矿资本","2022-01-18","5.3300","5.3500","5.3800","5.3000","0.0200","0.3752","5.3300"
"600390.SH","五矿资本","2022-01-19","5.3300","5.3700","5.3800","5.3200","0.0200","0.3738","5.3500"
"600390.SH","五矿资本","2022-01-20","5.3700","5.4300","5.4500","5.3500","0.0600","1.1173","5.3700"
"600390.SH","五矿资本","2022-01-21","5.4100","5.3900","5.4300","5.3400","-0.0400","-0.7366","5.4300"
"600390.SH","五矿资本","2022-01-24","5.3500","5.3100","5.3700","5.3000","-0.0800","-1.4842","5.3900"
"600390.SH","五矿资本","2022-01-25","5.3100","5.0800","5.3200","5.0700","-0.2300","-4.3315","5.3100"
"600390.SH","五矿资本","2022-01-26","5.1000","5.1300","5.1500","5.0700","0.0500","0.9843","5.0800"
"600390.SH","五矿资本","2022-01-27","5.1300","5.0700","5.1300","5.0600","-0.0600","-1.1696","5.1300"
"600390.SH","五矿资本","2022-01-28","5.0900","5.0900","5.1300","5.0700","0.0200","0.3945","5.0700"
"600390.SH","五矿资本","2022-02-07","5.1400","5.2000","5.2100","5.1300","0.1100","2.1611","5.0900"
"600390.SH","五矿资本","2022-02-08","5.1900","5.5800","5.6600","5.1800","0.3800","7.3077","5.2000"
"600390.SH","五矿资本","2022-02-09","5.5600","5.5600","5.6400","5.5300","-0.0200","-0.3584","5.5800"
"600390.SH","五矿资本","2022-02-10","5.5700","5.5500","5.5800","5.5000","-0.0100","-0.1799","5.5600"
"600390.SH","五矿资本","2022-02-11","5.5300","5.4900","5.5900","5.4500","-0.0600","-1.0811","5.5500"
"600390.SH","五矿资本","2022-02-14","5.4800","5.4100","5.5100","5.4000","-0.0800","-1.4572","5.4900"
"600390.SH","五矿资本","2022-02-15","5.4200","5.3600","5.4400","5.3300","-0.0500","-0.9242","5.4100"
"600390.SH","五矿资本","2022-02-16","5.3900","5.4500","5.5100","5.3800","0.0900","1.6791","5.3600"
"600390.SH","五矿资本","2022-02-17","5.4200","5.4000","5.4800","5.3800","-0.0500","-0.9174","5.4500"
"600390.SH","五矿资本","2022-02-18","5.3900","5.4500","5.4700","5.3700","0.0500","0.9259","5.4000"
"600390.SH","五矿资本","2022-02-21","5.4600","5.4500","5.4700","5.4100","0.0000","0.0000","5.4500"
"600390.SH","五矿资本","2022-02-22","5.4400","5.3600","5.4400","5.3000","-0.0900","-1.6514","5.4500"
"600390.SH","五矿资本","2022-02-23","5.3800","5.4200","5.4200","5.3400","0.0600","1.1194","5.3600"
"600390.SH","五矿资本","2022-02-24","5.3800","5.2600","5.4300","5.2100","-0.1600","-2.9520","5.4200"
"600390.SH","五矿资本","2022-02-25","5.3000","5.3000","5.3600","5.2700","0.0400","0.7605","5.2600"
"600390.SH","五矿资本","2022-02-28","5.3100","5.3700","5.4900","5.3000","0.0700","1.3208","5.3000"
"600390.SH","五矿资本","2022-03-01","5.3800","5.3800","5.4200","5.3300","0.0100","0.1862","5.3700"
"600390.SH","五矿资本","2022-03-02","5.3500","5.4000","5.4500","5.3400","0.0200","0.3717","5.3800"
"600390.SH","五矿资本","2022-03-03","5.4100","5.4500","5.5100","5.3900","0.0500","0.9259","5.4000"
"600390.SH","五矿资本","2022-03-04","5.4400","5.3900","5.4500","5.3400","-0.0600","-1.1009","5.4500"
"600390.SH","五矿资本","2022-03-07","5.3800","5.3200","5.4100","5.3000","-0.0700","-1.2987","5.3900"
"600390.SH","五矿资本","2022-03-08","5.3300","5.1700","5.3400","5.1600","-0.1500","-2.8195","5.3200"
"600390.SH","五矿资本","2022-03-09","5.1700","5.0800","5.2300","4.9300","-0.0900","-1.7408","5.1700"
"600390.SH","五矿资本","2022-03-10","5.1600","5.0600","5.1800","5.0600","-0.0200","-0.3937","5.0800"
"600390.SH","五矿资本","2022-03-11","5.0200","5.0900","5.1100","4.8700","0.0300","0.5929","5.0600"
"600390.SH","五矿资本","2022-03-14","5.0200","5.0800","5.1700","5.0000","-0.0100","-0.1965","5.0900"
"600390.SH","五矿资本","2022-03-15","5.0500","4.8700","5.0700","4.8700","-0.2100","-4.1339","5.0800"
"600390.SH","五矿资本","2022-03-16","4.9500","5.0700","5.0800","4.8300","0.2000","4.1068","4.8700"
"600390.SH","五矿资本","2022-03-17","5.1100","5.0400","5.1300","5.0300","-0.0300","-0.5917","5.0700"
"600390.SH","五矿资本","2022-03-18","5.0500","5.0800","5.1100","5.0200","0.0400","0.7937","5.0400"
"600390.SH","五矿资本","2022-03-21","5.1000","5.0500","5.1100","5.0200","-0.0300","-0.5906","5.0800"
"600390.SH","五矿资本","2022-03-22","5.0500","5.1200","5.1900","5.0300","0.0700","1.3861","5.0500"
"600390.SH","五矿资本","2022-03-23","5.1200","5.0900","5.1300","5.0500","-0.0300","-0.5859","5.1200"
"600390.SH","五矿资本","2022-03-24","5.0700","5.0300","5.0900","5.0300","-0.0600","-1.1788","5.0900"
"600390.SH","五矿资本","2022-03-25","5.0400","5.0200","5.0800","5.0100","-0.0100","-0.1988","5.0300"
"600390.SH","五矿资本","2022-03-28","5.0100","5.0500","5.0600","4.9300","0.0300","0.5976","5.0200"
"600390.SH","五矿资本","2022-03-29","5.0400","5.0000","5.0500","4.9900","-0.0500","-0.9901","5.0500"
"600390.SH","五矿资本","2022-03-30","5.0300","5.1100","5.1100","5.0100","0.1100","2.2000","5.0000"
"600390.SH","五矿资本","2022-03-31","5.0900","5.1300","5.1500","5.0700","0.0200","0.3914","5.1100"
"600390.SH","五矿资本","2022-04-01","5.1100","5.2800","5.3300","5.0900","0.1500","2.9240","5.1300"
"600390.SH","五矿资本","2022-04-06","5.2700","5.3700","5.4200","5.2500","0.0900","1.7045","5.2800"
"600390.SH","五矿资本","2022-04-07","5.3700","5.2600","5.4200","5.2600","-0.1100","-2.0484","5.3700"
"600390.SH","五矿资本","2022-04-08","5.2900","5.3400","5.3600","5.1900","0.0800","1.5209","5.2600"
"600390.SH","五矿资本","2022-04-11","5.3700","5.2400","5.3900","5.2000","-0.1000","-1.8727","5.3400"
"600390.SH","五矿资本","2022-04-12","5.2300","5.4000","5.4200","5.1800","0.1600","3.0534","5.2400"
"600390.SH","五矿资本","2022-04-13","5.3600","5.3300","5.4000","5.3100","-0.0700","-1.2963","5.4000"
"600390.SH","五矿资本","2022-04-14","5.3500","5.3400","5.3900","5.3200","0.0100","0.1876","5.3300"
"600390.SH","五矿资本","2022-04-15","5.3200","5.2600","5.3600","5.2300","-0.0800","-1.4981","5.3400"
"600390.SH","五矿资本","2022-04-18","5.2400","5.1700","5.2400","5.1400","-0.0900","-1.7110","5.2600"
"600390.SH","五矿资本","2022-04-19","5.1500","5.1800","5.2100","5.1500","0.0100","0.1934","5.1700"
"600390.SH","五矿资本","2022-04-20","5.1800","5.1000","5.2100","5.0800","-0.0800","-1.5444","5.1800"
"600390.SH","五矿资本","2022-04-21","5.0800","5.0000","5.1200","4.9900","-0.1000","-1.9608","5.1000"
"600390.SH","五矿资本","2022-04-22","4.9900","5.0300","5.0700","4.9300","0.0300","0.6000","5.0000"
"600390.SH","五矿资本","2022-04-25","4.9800","4.8000","4.9900","4.8000","-0.2300","-4.5726","5.0300"
"600390.SH","五矿资本","2022-04-26","4.8000","4.6300","4.8400","4.6200","-0.1700","-3.5417","4.8000"
"600390.SH","五矿资本","2022-04-27","4.4400","4.4900","4.5400","4.2000","-0.1400","-3.0238","4.6300"
"600390.SH","五矿资本","2022-04-28","4.4300","4.4000","4.5200","4.3400","-0.0900","-2.0045","4.4900"
"600390.SH","五矿资本","2022-04-29","4.4800","4.5700","4.6100","4.4300","0.1700","3.8636","4.4000"
"600390.SH","五矿资本","2022-05-05","4.5500","4.5900","4.6200","4.5300","0.0200","0.4376","4.5700"
"600390.SH","五矿资本","2022-05-06","4.5200","4.5000","4.5400","4.4600","-0.0900","-1.9608","4.5900"
"600390.SH","五矿资本","2022-05-09","4.5000","4.5900","4.6100","4.4900","0.0900","2.0000","4.5000"
"600390.SH","五矿资本","2022-05-10","4.5800","4.6700","4.6900","4.5500","0.0800","1.7429","4.5900"
"600390.SH","五矿资本","2022-05-11","4.6600","4.6200","4.7300","4.6200","-0.0500","-1.0707","4.6700"
"600390.SH","五矿资本","2022-05-12","4.6100","4.6000","4.6900","4.5800","-0.0200","-0.4329","4.6200"
"600390.SH","五矿资本","2022-05-13","4.6300","4.6500","4.7000","4.6100","0.0500","1.0870","4.6000"
"600390.SH","五矿资本","2022-05-16","4.6700","4.6200","4.6800","4.6100","-0.0300","-0.6452","4.6500"
"600390.SH","五矿资本","2022-05-17","4.6300","4.6100","4.6400","4.5500","-0.0100","-0.2165","4.6200"
"600390.SH","五矿资本","2022-05-18","4.6200","4.5900","4.6400","4.5800","-0.0200","-0.4338","4.6100"
"600390.SH","五矿资本","2022-05-19","4.5300","4.5700","4.5900","4.5100","-0.0200","-0.4357","4.5900"
"600390.SH","五矿资本","2022-05-20","4.5700","4.6300","4.6400","4.5600","0.0600","1.3129","4.5700"
"600390.SH","五矿资本","2022-05-23","4.6200","4.6500","4.6700","4.6000","0.0200","0.4320","4.6300"
"600390.SH","五矿资本","2022-05-24","4.6600","4.5100","4.6800","4.5100","-0.1400","-3.0108","4.6500"
"600390.SH","五矿资本","2022-05-25","4.5300","4.5900","4.6000","4.5300","0.0800","1.7738","4.5100"
"600390.SH","五矿资本","2022-05-26","4.6100","4.6800","4.6900","4.5800","0.0900","1.9608","4.5900"
"600390.SH","五矿资本","2022-05-27","4.6900","4.6900","4.7100","4.6500","0.0100","0.2137","4.6800"
"600390.SH","五矿资本","2022-05-30","4.6900","4.6700","4.7200","4.6600","-0.0200","-0.4264","4.6900"
"600390.SH","五矿资本","2022-05-31","4.6900","4.7600","4.7700","4.6600","0.0900","1.9272","4.6700"
"600390.SH","五矿资本","2022-06-01","4.7600","4.7100","4.7600","4.6600","-0.0500","-1.0504","4.7600"
"600390.SH","五矿资本","2022-06-02","4.6800","4.8100","4.9500","4.6700","0.1000","2.1231","4.7100"
"600390.SH","五矿资本","2022-06-06","4.7700","4.8200","4.8500","4.7000","0.0100","0.2079","4.8100"
"600390.SH","五矿资本","2022-06-07","4.8000","4.8200","4.8900","4.7700","0.0000","0.0000","4.8200"
"600390.SH","五矿资本","2022-06-08","4.8200","4.8400","4.8500","4.7600","0.0200","0.4149","4.8200"
"600390.SH","五矿资本","2022-06-09","4.8200","4.8300","4.9100","4.8000","-0.0100","-0.2066","4.8400"
"600390.SH","五矿资本","2022-06-10","4.8800","5.0000","5.0500","4.8600","0.1700","3.5197","4.8300"
"600390.SH","五矿资本","2022-06-13","4.9200","4.8300","4.9400","4.8100","-0.1700","-3.4000","5.0000"
"600390.SH","五矿资本","2022-06-14","4.8000","5.0100","5.0400","4.7500","0.1800","3.7267","4.8300"
"600390.SH","五矿资本","2022-06-15","5.0100","5.2100","5.4000","5.0000","0.2000","3.9920","5.0100"
"600390.SH","五矿资本","2022-06-16","5.2100","5.1000","5.2400","5.0600","-0.1100","-2.1113","5.2100"
"600390.SH","五矿资本","2022-06-17","5.0600","5.0900","5.1000","4.9500","-0.0100","-0.1961","5.1000"
"600390.SH","五矿资本","2022-06-20","5.0800","4.9700","5.0800","4.9700","-0.1200","-2.3576","5.0900"
"600390.SH","五矿资本","2022-06-21","4.9800","4.9700","5.0300","4.9400","0.0000","0.0000","4.9700"
"600390.SH","五矿资本","2022-06-22","4.9800","4.9200","5.0200","4.9100","-0.0500","-1.0060","4.9700"
"600390.SH","五矿资本","2022-06-23","4.9100","5.0100","5.0300","4.9100","0.0900","1.8293","4.9200"
"600390.SH","五矿资本","2022-06-24","5.0100","4.9700","5.0300","4.9500","-0.0400","-0.7984","5.0100"
"600390.SH","五矿资本","2022-06-27","4.9900","4.9300","5.0000","4.9300","-0.0400","-0.8048","4.9700"
"600390.SH","五矿资本","2022-06-28","4.9200","4.9600","4.9700","4.9000","0.0300","0.6085","4.9300"
"600390.SH","五矿资本","2022-06-29","4.9500","4.8900","4.9600","4.8800","-0.0700","-1.4113","4.9600"
"600390.SH","五矿资本","2022-06-30","4.9100","4.8900","4.9300","4.8700","0.0000","0.0000","4.8900"
"600390.SH","五矿资本","2022-07-01","4.8900","4.9000","4.9300","4.8500","0.0100","0.2045","4.8900"
"600390.SH","五矿资本","2022-07-04","4.8800","4.9400","4.9500","4.8600","0.0400","0.8163","4.9000"
"600390.SH","五矿资本","2022-07-05","4.9000","4.8700","4.9600","4.8200","-0.0700","-1.4170","4.9400"
"600390.SH","五矿资本","2022-07-06","4.8600","4.7900","4.8600","4.7600","-0.0800","-1.6427","4.8700"
"600390.SH","五矿资本","2022-07-07","4.7800","4.8300","4.8800","4.7700","0.0400","0.8351","4.7900"
"600390.SH","五矿资本","2022-07-08","4.8400","4.8500","4.8800","4.8100","0.0200","0.4141","4.8300"
"600390.SH","五矿资本","2022-07-11","4.8500","4.8200","4.8500","4.7800","-0.0300","-0.6186","4.8500"
"600390.SH","五矿资本","2022-07-12","4.8100","4.8300","4.9000","4.8000","0.0100","0.2075","4.8200"
"600390.SH","五矿资本","2022-07-13","4.8200","4.8700","4.8900","4.8200","0.0400","0.8282","4.8300"
"600390.SH","五矿资本","2022-07-14","4.8600","4.8000","4.8700","4.8000","-0.0700","-1.4374","4.8700"
"600390.SH","五矿资本","2022-07-15","4.8000","4.6400","4.8200","4.6400","-0.1600","-3.3333","4.8000"
"600390.SH","五矿资本","2022-07-18","4.6600","4.8500","4.8600","4.6600","0.2100","4.5259","4.6400"
"600390.SH","五矿资本","2022-07-19","4.8600","4.9500","4.9900","4.8400","0.1000","2.0619","4.8500"
"600390.SH","五矿资本","2022-07-20","4.9500","4.9600","4.9900","4.9300","0.0100","0.2020","4.9500"
"600390.SH","五矿资本","2022-07-21","4.9400","4.9000","4.9700","4.9000","-0.0600","-1.2097","4.9600"
"600390.SH","五矿资本","2022-07-22","4.9200","4.8900","4.9500","4.8400","-0.0100","-0.2041","4.9000"
"600390.SH","五矿资本","2022-07-25","4.8900","4.8700","4.9200","4.8500","-0.0200","-0.4090","4.8900"
"600390.SH","五矿资本","2022-07-26","4.9000","4.8600","4.9100","4.8400","-0.0100","-0.2053","4.8700"
"600390.SH","五矿资本","2022-07-27","4.8900","4.8600","4.9000","4.8400","0.0000","0.0000","4.8600"
"600390.SH","五矿资本","2022-07-28","4.8900","4.8700","4.9100","4.8600","0.0100","0.2058","4.8600"
"600390.SH","五矿资本","2022-07-29","4.8800","4.8300","4.9100","4.8200","-0.0400","-0.8214","4.8700"
"600390.SH","五矿资本","2022-08-01","4.8000","4.8100","4.8500","4.7800","-0.0200","-0.4141","4.8300"
"600390.SH","五矿资本","2022-08-02","4.7600","4.6700","4.8000","4.5900","-0.1400","-2.9106","4.8100"
"600390.SH","五矿资本","2022-08-03","4.6400","4.6200","4.7600","4.6200","-0.0500","-1.0707","4.6700"
"600390.SH","五矿资本","2022-08-04","4.6300","4.6400","4.6900","4.6100","0.0200","0.4329","4.6200"
"600390.SH","五矿资本","2022-08-05","4.6600","4.7200","4.7200","4.6200","0.0800","1.7241","4.6400"
"600390.SH","五矿资本","2022-08-08","4.6900","4.6900","4.7400","4.6800","-0.0300","-0.6356","4.7200"
"600390.SH","五矿资本","2022-08-09","4.6800","4.6600","4.7100","4.6600","-0.0300","-0.6397","4.6900"
"600390.SH","五矿资本","2022-08-10","4.6600","4.6300","4.6800","4.6100","-0.0300","-0.6438","4.6600"
"600390.SH","五矿资本","2022-08-11","4.6500","4.7900","4.7900","4.6400","0.1600","3.4557","4.6300"
"600390.SH","五矿资本","2022-08-12","4.7800","4.9200","5.0200","4.7400","0.1300","2.7140","4.7900"
"600390.SH","五矿资本","2022-08-15","4.9000","4.8500","4.9300","4.8400","-0.0700","-1.4228","4.9200"
"600390.SH","五矿资本","2022-08-16","4.8800","4.8600","4.9300","4.8400","0.0100","0.2062","4.8500"
"600390.SH","五矿资本","2022-08-17","4.8500","4.9300","4.9400","4.8200","0.0700","1.4403","4.8600"
"600390.SH","五矿资本","2022-08-18","4.9300","4.9000","4.9300","4.8900","-0.0300","-0.6085","4.9300"
"600390.SH","五矿资本","2022-08-19","4.9400","4.9300","4.9600","4.9100","0.0300","0.6122","4.9000"
"600390.SH","五矿资本","2022-08-22","4.9000","4.8900","4.9300","4.8700","-0.0400","-0.8114","4.9300"
"600390.SH","五矿资本","2022-08-23","4.8900","4.9200","4.9600","4.8500","0.0300","0.6135","4.8900"
"600390.SH","五矿资本","2022-08-24","4.9200","4.9000","5.0000","4.8900","-0.0200","-0.4065","4.9200"
"600390.SH","五矿资本","2022-08-25","4.9100","5.0000","5.0200","4.8600","0.1000","2.0408","4.9000"
"600390.SH","五矿资本","2022-08-26","5.0100","4.9500","5.0200","4.9300","-0.0500","-1.0000","5.0000"
"600390.SH","五矿资本","2022-08-29","4.8900","4.9300","4.9600","4.8800","-0.0200","-0.4040","4.9500"
"600390.SH","五矿资本","2022-08-30","4.9300","4.9600","4.9800","4.9100","0.0300","0.6085","4.9300"
"600390.SH","五矿资本","2022-08-31","4.9500","4.8900","4.9600","4.8800","-0.0700","-1.4113","4.9600"
"600390.SH","五矿资本","2022-09-01","4.8800","4.9100","4.9500","4.8700","0.0200","0.4090","4.8900"
"600390.SH","五矿资本","2022-09-02","4.9300","4.9400","4.9400","4.8900","0.0300","0.6110","4.9100"
"600390.SH","五矿资本","2022-09-05","4.9300","5.0100","5.0200","4.9000","0.0700","1.4170","4.9400"
"600390.SH","五矿资本","2022-09-06","5.0300","5.0000","5.0300","4.9700","-0.0100","-0.1996","5.0100"
"600390.SH","五矿资本","2022-09-07","5.0000","4.9700","5.0000","4.9500","-0.0300","-0.6000","5.0000"
"600390.SH","五矿资本","2022-09-08","4.9700","4.9600","5.0000","4.9200","-0.0100","-0.2012","4.9700"
"600390.SH","五矿资本","2022-09-09","4.9600","4.9800","5.0000","4.9500","0.0200","0.4032","4.9600"
"600390.SH","五矿资本","2022-09-13","4.9900","4.9500","5.0100","4.9400","-0.0300","-0.6024","4.9800"
